# "LGMD WTA"=CB1484055328CB1483972485L-3491-1483630309-919331471
# "Hue"=L-3415-1482226533-719885386
# "LGMD WTA"=CB1484055328CB1483972485L-3491-1483630309-919331471
# "Hue"=L-3415-1482226533-719885386
# "LGMD WTA"=CB1484055328CB1483972485L-3491-1483630309-919331471
# "Hue"=L-3415-1482226533-719885386
# "LGMD WTA"=CB1484055328CB1483972485L-3491-1483630309-919331471
# "Hue"=L-3415-1482226533-719885386
cycle;CB1484055328CB1483972485L-3491-1483630309-919331471_act_RangeAverage;L-3415-1482226533-719885386_act_RangeAverage;CB1484055328CB1483972485L-3491-1483630309-919331471_excIn_RangeAverage;L-3415-1482226533-719885386_excIn_RangeAverage;CB1484055328CB1483972485L-3491-1483630309-919331471_inhIn_RangeAverage;L-3415-1482226533-719885386_inhIn_RangeAverage;CB1484055328CB1483972485L-3491-1483630309-919331471_vm_RangeAverage;L-3415-1482226533-719885386_vm_RangeAverage;
0;0;0;0;0;0;0;0;0;
1;0;0.458585;0;0.510669;0;0;0;0.510669;
2;0;0.458585;0;0.510669;0;0;0;0.510669;
3;0;0.458585;0;0.510669;0;0;0;0.510669;
4;0;0.458585;0;0.510669;0;0;0;0.510669;
5;0;0.458585;0;0.510669;0;0;0;0.510669;
6;0;0.458585;0;0.510669;0;0;0;0.510669;
7;0;0.458585;0;0.510669;0;0;0;0.510669;
8;0;0.458585;0;0.510669;0;0;0;0.510669;
9;0;0.458585;0;0.510669;0;0;0;0.510669;
10;0;0.458585;0;0.510669;0;0;0;0.510669;
11;0;0.458585;0;0.510669;0;0;0;0.510669;
12;0;0.457725;0;0.510073;0;0;0;0.510073;
13;0;0.457725;0;0.510073;0;0;0;0.510073;
14;0;0.457725;0;0.510073;0;0;0;0.510073;
15;0;0.457725;0;0.510073;0;0;0;0.510073;
16;0;0.457725;0;0.510073;0;0;0;0.510073;
17;0;0.457725;0.00140625;0.510073;0.003125;0;-0.00171875;0.510073;
18;0;0.457725;0;0.510073;0;0;0;0.510073;
19;0;0.457725;0;0.510073;0;0;0;0.510073;
20;0;0.457725;0;0.510073;0;0;0;0.510073;
21;0;0.457725;0;0.510073;0;0;0;0.510073;
22;0;0.457237;0;0.509429;0;0;0;0.509429;
23;0;0.457237;0;0.509429;0;0;0;0.509429;
24;0;0.457237;0;0.509429;0;0;0;0.509429;
25;0;0.457237;0;0.509429;0;0;0;0.509429;
26;0;0.457237;0;0.509429;0;0;0;0.509429;
27;0;0.457237;0;0.509429;0;0;0;0.509429;
28;0;0.457237;0;0.509429;0;0;0;0.509429;
29;0;0.457237;0;0.509429;0;0;0;0.509429;
30;0;0.457237;0;0.509429;0;0;0;0.509429;
31;0;0.456433;0;0.508841;0;0;0;0.508841;
32;0;0.456433;0;0.508841;0;0;0;0.508841;
33;0;0.456433;0;0.508841;0;0;0;0.508841;
34;0;0.456433;0;0.508841;0;0;0;0.508841;
35;0;0.456433;0;0.508841;0;0;0;0.508841;
36;0;0.456433;0.0084375;0.508841;0.011875;0;-0.0034375;0.508841;
37;0;0.456433;0;0.508841;0;0;0;0.508841;
38;0;0.456433;0;0.508841;0;0;0;0.508841;
39;0;0.456433;0;0.508841;0;0;0;0.508841;
40;0;0.455691;0;0.508208;0;0;0;0.508208;
41;0;0.455691;0;0.508208;0;0;0;0.508208;
42;0;0.455691;0;0.508208;0;0;0;0.508208;
43;0;0.455691;0;0.508208;0;0;0;0.508208;
44;0;0.455691;0;0.508208;0;0;0;0.508208;
45;0;0.455691;0.0028125;0.508208;0.006875;0;-0.0040625;0.508208;
46;0;0.455691;0;0.508208;0;0;0;0.508208;
47;0;0.454248;0;0.507516;0;0;0;0.507516;
48;0;0.454248;0;0.507516;0;0;0;0.507516;
49;0;0.454248;0;0.507516;0;0;0;0.507516;
50;0;0.454248;0;0.507516;0;0;0;0.507516;
51;0;0.454248;0;0.507516;0;0;0;0.507516;
52;0;0.454248;0.005625;0.507516;0.014375;0;-0.00875;0.507516;
53;0;0.454248;0;0.507516;0;0;0;0.507516;
54;0;0.454248;0;0.507516;0;0;0;0.507516;
55;0;0.454291;0;0.506797;0;0;0;0.506797;
56;0;0.454291;0;0.506797;0;0;0;0.506797;
57;0;0.454291;0;0.506797;0;0;0;0.506797;
58;0;0.454291;0;0.506797;0;0;0;0.506797;
59;0;0.454291;0;0.506797;0;0;0;0.506797;
60;0;0.454291;0;0.506797;0;0;0;0.506797;
61;0;0.454291;0;0.506797;0;0;0;0.506797;
62;0;0.453854;0;0.506046;0;0;0;0.506046;
63;0;0.453854;0;0.506046;0;0;0;0.506046;
64;0;0.453854;0;0.506046;0;0;0;0.506046;
65;0;0.453854;0;0.506046;0;0;0;0.506046;
66;0;0.453854;0;0.506046;0;0;0;0.506046;
67;0;0.453854;0.00421875;0.506046;0.0075;0;-0.00328125;0.506046;
68;0;0.453826;0;0.505309;0;0;0;0.505309;
69;0;0.453826;0;0.505309;0;0;0;0.505309;
70;0;0.453826;0;0.505309;0;0;0;0.505309;
71;0;0.453826;0;0.505309;0;0;0;0.505309;
72;0;0.453826;0;0.505309;0;0;0;0.505309;
73;0;0.453826;0;0.505309;0;0;0;0.505309;
74;0;0.452934;0;0.50454;0;0;0;0.50454;
75;0;0.452934;0;0.50454;0;0;0;0.50454;
76;0;0.452934;0;0.50454;0;0;0;0.50454;
77;0;0.452934;0;0.50454;0;0;0;0.50454;
78;0;0.452934;0;0.50454;0;0;0;0.50454;
79;0;0.452041;0.00703125;0.503731;0.008125;0;-0.00109375;0.503731;
80;0;0.452041;0;0.503731;0;0;0;0.503731;
81;0;0.452041;0;0.503731;0;0;0;0.503731;
82;0;0.452041;0;0.503731;0;0;0;0.503731;
83;0;0.452041;0;0.503731;0;0;0;0.503731;
84;0;0.451141;0.00140625;0.502881;0.003125;0;-0.00171875;0.502881;
85;0;0.451141;0;0.502881;0;0;0;0.502881;
86;0;0.451141;0;0.502881;0;0;0;0.502881;
87;0;0.451141;0;0.502881;0;0;0;0.502881;
88;0;0.451141;0;0.502881;0;0;0;0.502881;
89;0;0.450229;0;0.501986;0.003125;0;-0.003125;0.501986;
90;0;0.450229;0;0.501986;0;0;0;0.501986;
91;0;0.450229;0;0.501986;0;0;0;0.501986;
92;0;0.450229;0;0.501986;0;0;0;0.501986;
93;0;0.450229;0;0.501986;0;0;0;0.501986;
94;0;0.449339;0.00140625;0.501091;0.008125;0;-0.00671875;0.501091;
95;0;0.449339;0;0.501091;0;0;0;0.501091;
96;0;0.449339;0;0.501091;0;0;0;0.501091;
97;0;0.449339;0;0.501091;0;0;0;0.501091;
98;0;0.447521;0;0.500111;0;0;0;0.500111;
99;0;0.447521;0.005625;0.500111;0.00875;0;-0.003125;0.500111;
100;0;0.447521;0;0.500111;0;0;0;0.500111;
101;0;0.447521;0;0.500111;0;0;0;0.500111;
102;0;0.446154;0;0.499103;0;0;0;0.499103;
103;0;0.446154;0.0084375;0.499103;0.015;0;-0.0065625;0.499103;
104;0;0.446154;0;0.499103;0;0;0;0.499103;
105;0;0.446154;0;0.499103;0;0;0;0.499103;
106;0;0.445168;0;0.498087;0;0;0;0.498087;
107;0;0.445168;0.00984375;0.498087;0.01375;0;-0.00390625;0.498087;
108;0;0.445168;0;0.498087;0;0;0;0.498087;
109;0;0.444889;0;0.496973;0;0;0;0.496973;
110;0;0.444889;0;0.496973;0;0;0;0.496973;
111;0;0.444889;0.0084375;0.496973;0.01;0;-0.0015625;0.496973;
112;0;0.444889;0;0.496973;0;0;0;0.496973;
113;0;0.444693;0;0.495907;0;0;0;0.495907;
114;0;0.444693;0;0.495907;0;0;0;0.495907;
115;0;0.444693;0;0.495907;0;0;0;0.495907;
116;0;0.444688;0;0.494676;0;0;0;0.494676;
117;0;0.444688;0;0.494676;0;0;0;0.494676;
118;0;0.444688;0;0.494676;0;0;0;0.494676;
119;0;0.443253;0;0.493577;0;0;0;0.493577;
120;0;0.443253;0;0.493577;0;0;0;0.493577;
121;0;0.443253;0;0.493577;0;0;0;0.493577;
122;0;0.441375;0;0.492383;0;0;0;0.492383;
123;0;0.441375;0;0.492383;0;0;0;0.492383;
124;0;0.441375;0.00140625;0.492383;0.005625;0;-0.00421875;0.492383;
125;0;0.43953;0;0.491091;0;0;0;0.491091;
126;0;0.43953;0;0.491091;0;0;0;0.491091;
127;0;0.438874;0.00140625;0.489847;0.006875;0;-0.00546875;0.489847;
128;0;0.438874;0;0.489847;0;0;0;0.489847;
129;0;0.438874;0;0.489847;0;0;0;0.489847;
130;0;0.437619;0.0028125;0.488693;0.0125;0;-0.0096875;0.488693;
131;0;0.437619;0;0.488693;0;0;0;0.488693;
132;0;0.435008;0.0084375;0.487426;0.0175;0;-0.0090625;0.487426;
133;0;0.435008;0;0.487426;0;0;0;0.487426;
134;0;0.435008;0;0.487426;0;0;0;0.487426;
135;0;0.434434;0.00703125;0.486174;0.02;0;-0.0129688;0.486174;
136;0;0.434434;0;0.486174;0;0;0;0.486174;
137;0.00196875;0.433808;0.016875;0.484917;0.024375;0;-0.0075;0.484917;
138;0;0.433808;0;0.484917;0;0;0;0.484917;
139;0;0.434208;0;0.483718;0;0;0;0.483718;
140;0;0.434208;0.0126563;0.483718;0.016875;0;-0.00421875;0.483718;
141;0;0.432836;0;0.482514;0;0;0;0.482514;
142;0;0.432836;0.0028125;0.482514;0.005625;0;-0.0028125;0.482514;
143;0;0.431931;0;0.481347;0;0;0;0.481347;
144;0;0.431931;0;0.481347;0;0;0;0.481347;
145;0;0.430641;0;0.480068;0;0;0;0.480068;
146;0;0.430641;0.0028125;0.480068;0.006875;0;-0.0040625;0.480068;
147;0;0.429198;0;0.478891;0;0;0;0.478891;
148;0;0.429198;0.00421875;0.478891;0.01;0;-0.00578125;0.478891;
149;0;0.427169;0;0.477675;0;0;0;0.477675;
150;0;0.426051;0.0143438;0.476491;0.029375;0;-0.0150313;0.476491;
151;0;0.426051;0;0.476491;0;0;0;0.476491;
152;0;0.424618;0.00703125;0.47538;0.02125;0;-0.0142187;0.47538;
153;0;0.424628;0;0.474178;0;0;0;0.474178;
154;0;0.424628;0.009;0.474178;0.025;0;-0.016;0.474178;
155;0;0.424593;0.0126562;0.473029;0.025625;0;-0.0129687;0.473029;
156;0;0.424238;0;0.47189;0;0;0;0.47189;
157;0;0.424238;0.00984375;0.47189;0.016875;0;-0.00703125;0.47189;
158;0;0.423477;0.0028125;0.470699;0.005625;0;-0.0028125;0.470699;
159;0;0.422345;0;0.469422;0;0;0;0.469422;
160;0;0.420857;0.00140625;0.468203;0.003125;0;-0.00171875;0.468203;
161;0;0.420857;0.00421875;0.468203;0.00875;0;-0.00453125;0.468203;
162;0;0.419296;0;0.467059;0;0;0;0.467059;
163;0;0.418635;0.00140625;0.465681;0.003125;0;-0.00171875;0.465681;
164;0;0.416317;0.005625;0.464387;0.013125;0;-0.0075;0.464387;
165;0;0.414082;0.0028125;0.463022;0.00625;0;-0.0034375;0.463022;
166;0;0.413363;0;0.461551;0;0;0;0.461551;
167;0;0.413363;0.005625;0.461551;0.0125;0;-0.006875;0.461551;
168;0;0.413316;0.00140625;0.460191;0.00875;0;-0.00734375;0.460191;
169;0;0.413137;0.0084375;0.458741;0.029375;0;-0.0209375;0.458741;
170;0;0.412569;0.00984375;0.457325;0.016875;0;-0.00703125;0.457325;
171;0;0.41051;0;0.455721;0.00375;0;-0.00375;0.455721;
172;0;0.408577;0;0.454128;0;0;0;0.454128;
173;0;0.407212;0.00140625;0.452554;0.005625;0;-0.00421875;0.452554;
174;0;0.402318;0;0.449153;0;0;0;0.449153;
175;0;0.399829;0.0028125;0.447333;0.00625;0;-0.0034375;0.447333;
176;0;0.398997;0.005625;0.445593;0.015625;0;-0.01;0.445593;
177;0;0.399047;0.01125;0.44369;0.0175;0;-0.00625;0.44369;
178;0;0.398713;0.0084375;0.441951;0.01875;0;-0.0103125;0.441951;
179;0;0.395897;0.023625;0.438228;0.040625;0;-0.017;0.438228;
180;0;0.39326;0.0154688;0.436322;0.02625;0;-0.0107812;0.436322;
181;0;0.39098;0.00984375;0.434429;0.01875;0;-0.00890625;0.434429;
182;0;0.386823;0.00421875;0.43051;0.009375;0;-0.00515625;0.43051;
183;0;0.383912;0;0.428477;0;0;0;0.428477;
184;0;0.381817;0.00984375;0.424512;0.01625;0;-0.00640625;0.424512;
185;0;0.381785;0.0267187;0.422474;0.0325;0;-0.00578125;0.422474;
186;0;0.378067;0.00703125;0.418175;0.0175;0;-0.0104687;0.418175;
187;0;0.373095;0.0126563;0.413655;0.03;0;-0.0173437;0.413655;
188;0;0.367039;0.00703125;0.408824;0.02625;0;-0.0192188;0.408824;
189;0;0.362567;0.0210937;0.406368;0.03125;0;-0.0101562;0.406368;
190;0;0.360181;0;0.401317;0;0;0;0.401317;
191;0;0.358492;0.01125;0.396134;0.018125;0;-0.006875;0.396134;
192;0;0.348713;0.0196875;0.387808;0.035;0;-0.0153125;0.387808;
193;0;0.341732;0.0267187;0.381936;0.043125;0;-0.0164063;0.381936;
194;0;0.33326;0.0239062;0.375995;0.039375;0;-0.0154687;0.375995;
195;0;0.333062;0.0239062;0.36992;0.031875;0;-0.00796875;0.36992;
196;0;0.324153;0.00421875;0.360465;0.006875;0;-0.00265625;0.360465;
197;0.000625;0.317132;0.028125;0.353944;0.045;0;-0.016875;0.353944;
198;0;0.303401;0.03375;0.343906;0.054375;0;-0.020625;0.343906;
199;0;0.3019;0.039375;0.333499;0.044375;0;-0.005;0.333499;
200;0;0.291395;0.00140625;0.323353;0.005625;0;-0.00421875;0.323353;
201;0;0.276928;0.0306562;0.312665;0.04375;0;-0.0130937;0.312665;
202;0;0.271141;0.0196875;0.301755;0.040625;0;-0.0209375;0.301755;
203;0;0.256812;0.0478125;0.286506;0.05;0;-0.0021875;0.286506;
204;0;0.23498;0.0028125;0.270711;0.00875;0;-0.0059375;0.270711;
205;0;0.22821;0.0182813;0.254723;0.04125;0;-0.0229688;0.254723;
206;0.00065625;0.208622;0.0710625;0.237931;0.083125;0;-0.0120625;0.237931;
207;0;0.196508;0.0316875;0.221081;0.023125;0;0.0085625;0.221081;
208;0;0.172919;0.0196875;0.199661;0.04125;0;-0.0215625;0.199661;
209;0.0040625;0.15628;0.0856875;0.178446;0.086875;0;-0.0011875;0.178446;
210;0;0.134193;0.00984375;0.157039;0.033125;0;-0.0232813;0.157039;
211;0.00196875;0.115525;0.0689063;0.130716;0.09;0;-0.0210938;0.130716;
212;0.00190625;0.0786199;0.05625;0.102637;0.0575;0;-0.00125;0.102637;
213;0.0024375;0.0588436;0.0675;0.0734364;0.08375;0;-0.01625;0.0734364;
214;0;0.0283434;0.0689063;0.0380794;0.07125;0;-0.00234375;0.0380794;
215;0.002125;0;0.0758437;0.00888386;0.095;0;-0.0191563;0.00888386;
216;0.0019375;0.458585;0.0801562;0.510669;0.08375;0;-0.00359375;0.510669;
217;0.00425;0.458585;0.119438;0.510669;0.1075;0;0.0119375;0.510669;
218;0;0.458585;0.05775;0.510669;0.079375;0;-0.021625;0.510669;
219;0.003625;0.458585;0.110344;0.510669;0.099375;0;0.0109687;0.510669;
220;0;0.458585;0.002625;0.510669;0.005625;0;-0.003;0.510669;
221;0;0.458585;0;0.510669;0;0;0;0.510669;
