# "LGMD WTA"=CB1484055328CB1483972485L-3491-1483630309-919331471
# "Hue"=L-3415-1482226533-719885386
# "LGMD WTA"=CB1484055328CB1483972485L-3491-1483630309-919331471
# "Hue"=L-3415-1482226533-719885386
# "LGMD WTA"=CB1484055328CB1483972485L-3491-1483630309-919331471
# "Hue"=L-3415-1482226533-719885386
# "LGMD WTA"=CB1484055328CB1483972485L-3491-1483630309-919331471
# "Hue"=L-3415-1482226533-719885386
cycle;CB1484055328CB1483972485L-3491-1483630309-919331471_act_RangeAverage;L-3415-1482226533-719885386_act_RangeAverage;CB1484055328CB1483972485L-3491-1483630309-919331471_excIn_RangeAverage;L-3415-1482226533-719885386_excIn_RangeAverage;CB1484055328CB1483972485L-3491-1483630309-919331471_inhIn_RangeAverage;L-3415-1482226533-719885386_inhIn_RangeAverage;CB1484055328CB1483972485L-3491-1483630309-919331471_vm_RangeAverage;L-3415-1482226533-719885386_vm_RangeAverage;
0;0;0;0;0;0;0;0;0;
1;0;0.989417;0;0.989439;0;0;0;0.989439;
2;0;0.989417;0;0.989439;0;0;0;0.989439;
3;0;0.989417;0;0.989439;0;0;0;0.989439;
4;0;0.989417;0;0.989439;0;0;0;0.989439;
5;0;0.989417;0;0.989439;0;0;0;0.989439;
6;0;0.989417;0.0028125;0.989439;0.00375;0;-0.0009375;0.989439;
7;0;0.989417;0;0.989439;0;0;0;0.989439;
8;0;0.989417;0;0.989439;0;0;0;0.989439;
9;0;0.989417;0;0.989439;0;0;0;0.989439;
10;0;0.989417;0;0.989439;0;0;0;0.989439;
11;0;0.989417;0;0.989439;0;0;0;0.989439;
12;0;0.989417;0;0.989439;0;0;0;0.989439;
13;0;0.989417;0;0.989439;0;0;0;0.989439;
14;0;0.989417;0;0.989439;0;0;0;0.989439;
15;0;0.989417;0;0.989439;0;0;0;0.989439;
16;0;0.989417;0;0.989439;0;0;0;0.989439;
17;0;0.989417;0;0.989439;0;0;0;0.989439;
18;0;0.989417;0;0.989439;0;0;0;0.989439;
19;0;0.989417;0;0.989439;0;0;0;0.989439;
20;0;0.989417;0;0.989439;0;0;0;0.989439;
21;0;0.989417;0;0.989439;0;0;0;0.989439;
22;0;0.989417;0;0.989439;0;0;0;0.989439;
23;0;0.989417;0;0.989439;0;0;0;0.989439;
24;0;0.989417;0;0.989439;0;0;0;0.989439;
25;0;0.989417;0;0.989439;0;0;0;0.989439;
26;0;0.989417;0;0.989439;0;0;0;0.989439;
27;0;0.989417;0;0.989439;0;0;0;0.989439;
28;0;0.989417;0;0.989439;0;0;0;0.989439;
29;0;0.988402;0;0.988431;0;0;0;0.988431;
30;0;0.988402;0;0.988431;0;0;0;0.988431;
31;0;0.988402;0;0.988431;0;0;0;0.988431;
32;0;0.988402;0;0.988431;0;0;0;0.988431;
33;0;0.988402;0;0.988431;0;0;0;0.988431;
34;0;0.988402;0;0.988431;0;0;0;0.988431;
35;0;0.988402;0;0.988431;0;0;0;0.988431;
36;0;0.988402;0;0.988431;0;0;0;0.988431;
37;0;0.988402;0;0.988431;0;0;0;0.988431;
38;0;0.988402;0;0.988431;0;0;0;0.988431;
39;0;0.988402;0;0.988431;0;0;0;0.988431;
40;0;0.988402;0;0.988431;0;0;0;0.988431;
41;0;0.988402;0;0.988431;0;0;0;0.988431;
42;0;0.988402;0;0.988431;0;0;0;0.988431;
43;0;0.988402;0;0.988431;0;0;0;0.988431;
44;0;0.988402;0;0.988431;0;0;0;0.988431;
45;0;0.988402;0;0.988431;0;0;0;0.988431;
46;0;0.988402;0;0.988431;0;0;0;0.988431;
47;0;0.988402;0;0.988431;0;0;0;0.988431;
48;0;0.988402;0;0.988431;0;0;0;0.988431;
49;0;0.988402;0;0.988431;0;0;0;0.988431;
50;0;0.988402;0;0.988431;0;0;0;0.988431;
51;0;0.988402;0;0.988431;0;0;0;0.988431;
52;0;0.988402;0;0.988431;0;0;0;0.988431;
53;0;0.988402;0;0.988431;0;0;0;0.988431;
54;0;0.988402;0;0.988431;0;0;0;0.988431;
55;0;0.987304;0;0.987321;0;0;0;0.987321;
56;0;0.987304;0;0.987321;0;0;0;0.987321;
57;0;0.987304;0;0.987321;0;0;0;0.987321;
58;0;0.987304;0;0.987321;0;0;0;0.987321;
59;0;0.987304;0;0.987321;0;0;0;0.987321;
60;0;0.987304;0.00421875;0.987321;0.01;0;-0.00578125;0.987321;
61;0;0.987304;0;0.987321;0;0;0;0.987321;
62;0;0.987304;0;0.987321;0;0;0;0.987321;
63;0;0.987304;0;0.987321;0;0;0;0.987321;
64;0;0.987304;0;0.987321;0;0;0;0.987321;
65;0;0.987304;0;0.987321;0;0;0;0.987321;
66;0;0.987304;0;0.987321;0;0;0;0.987321;
67;0;0.987304;0;0.987321;0;0;0;0.987321;
68;0;0.987304;0;0.987321;0;0;0;0.987321;
69;0;0.987304;0;0.987321;0;0;0;0.987321;
70;0;0.987304;0;0.987321;0;0;0;0.987321;
71;0;0.987304;0;0.987321;0;0;0;0.987321;
72;0;0.987304;0;0.987321;0;0;0;0.987321;
73;0;0.987304;0;0.987321;0;0;0;0.987321;
74;0;0.987304;0;0.987321;0;0;0;0.987321;
75;0;0.987304;0;0.987321;0;0;0;0.987321;
76;0;0.987304;0;0.987321;0;0;0;0.987321;
77;0;0.987304;0;0.987321;0;0;0;0.987321;
78;0;0.987304;0;0.987321;0;0;0;0.987321;
79;0;0.987304;0;0.987321;0;0;0;0.987321;
80;0;0.986125;0;0.986154;0;0;0;0.986154;
81;0;0.986125;0;0.986154;0;0;0;0.986154;
82;0;0.986125;0;0.986154;0;0;0;0.986154;
83;0;0.986125;0;0.986154;0;0;0;0.986154;
84;0;0.986125;0;0.986154;0;0;0;0.986154;
85;0;0.986125;0.005625;0.986154;0.0125;0;-0.006875;0.986154;
86;0;0.986125;0;0.986154;0;0;0;0.986154;
87;0;0.986125;0;0.986154;0;0;0;0.986154;
88;0;0.986125;0;0.986154;0;0;0;0.986154;
89;0;0.986125;0;0.986154;0;0;0;0.986154;
90;0;0.986125;0;0.986154;0;0;0;0.986154;
91;0;0.986125;0;0.986154;0;0;0;0.986154;
92;0;0.986125;0;0.986154;0;0;0;0.986154;
93;0;0.986125;0;0.986154;0;0;0;0.986154;
94;0;0.986125;0;0.986154;0;0;0;0.986154;
95;0;0.986125;0;0.986154;0;0;0;0.986154;
96;0;0.986125;0;0.986154;0;0;0;0.986154;
97;0;0.986125;0;0.986154;0;0;0;0.986154;
98;0;0.986125;0;0.986154;0;0;0;0.986154;
99;0;0.986125;0;0.986154;0;0;0;0.986154;
100;0;0.986125;0;0.986154;0;0;0;0.986154;
101;0;0.986125;0;0.986154;0;0;0;0.986154;
102;0;0.984966;0;0.984998;0;0;0;0.984998;
103;0;0.984966;0;0.984998;0;0;0;0.984998;
104;0;0.984966;0;0.984998;0;0;0;0.984998;
105;0;0.984966;0;0.984998;0;0;0;0.984998;
106;0;0.984966;0;0.984998;0;0;0;0.984998;
107;0;0.984966;0.0084375;0.984998;0.01375;0;-0.0053125;0.984998;
108;0;0.984966;0;0.984998;0;0;0;0.984998;
109;0;0.984966;0;0.984998;0;0;0;0.984998;
110;0;0.984966;0;0.984998;0;0;0;0.984998;
111;0;0.984966;0;0.984998;0;0;0;0.984998;
112;0;0.984966;0;0.984998;0;0;0;0.984998;
113;0;0.984966;0;0.984998;0;0;0;0.984998;
114;0;0.984966;0;0.984998;0;0;0;0.984998;
115;0;0.984966;0;0.984998;0;0;0;0.984998;
116;0;0.984966;0;0.984998;0;0;0;0.984998;
117;0;0.984966;0;0.984998;0;0;0;0.984998;
118;0;0.984966;0;0.984998;0;0;0;0.984998;
119;0;0.984966;0;0.984998;0;0;0;0.984998;
120;0;0.984966;0;0.984998;0;0;0;0.984998;
121;0;0.984966;0;0.984998;0;0;0;0.984998;
122;0;0.983703;0;0.98374;0;0;0;0.98374;
123;0;0.983703;0;0.98374;0;0;0;0.98374;
124;0;0.983703;0;0.98374;0;0;0;0.98374;
125;0;0.983703;0;0.98374;0;0;0;0.98374;
126;0;0.983703;0;0.98374;0;0;0;0.98374;
127;0;0.983703;0.00984375;0.98374;0.016875;0;-0.00703125;0.98374;
128;0;0.983703;0;0.98374;0;0;0;0.98374;
129;0;0.983703;0;0.98374;0;0;0;0.98374;
130;0;0.983703;0;0.98374;0;0;0;0.98374;
131;0;0.983703;0;0.98374;0;0;0;0.98374;
132;0;0.983703;0;0.98374;0;0;0;0.98374;
133;0;0.983703;0;0.98374;0;0;0;0.98374;
134;0;0.983703;0;0.98374;0;0;0;0.98374;
135;0;0.983703;0;0.98374;0;0;0;0.98374;
136;0;0.983703;0;0.98374;0;0;0;0.98374;
137;0;0.983703;0;0.98374;0;0;0;0.98374;
138;0;0.983703;0;0.98374;0;0;0;0.98374;
139;0;0.983703;0;0.98374;0;0;0;0.98374;
140;0;0.983703;0;0.98374;0;0;0;0.98374;
141;0;0.98238;0;0.982417;0;0;0;0.982417;
142;0;0.98238;0;0.982417;0;0;0;0.982417;
143;0;0.98238;0;0.982417;0;0;0;0.982417;
144;0;0.98238;0;0.982417;0;0;0;0.982417;
145;0;0.98238;0;0.982417;0;0;0;0.982417;
146;0;0.98238;0.01125;0.982417;0.0175;0;-0.00625;0.982417;
147;0;0.98238;0;0.982417;0;0;0;0.982417;
148;0;0.98238;0;0.982417;0;0;0;0.982417;
149;0;0.98238;0;0.982417;0;0;0;0.982417;
150;0;0.98238;0;0.982417;0;0;0;0.982417;
151;0;0.98238;0;0.982417;0;0;0;0.982417;
152;0;0.98238;0;0.982417;0;0;0;0.982417;
153;0;0.98238;0;0.982417;0;0;0;0.982417;
154;0;0.98238;0;0.982417;0;0;0;0.982417;
155;0;0.98238;0;0.982417;0;0;0;0.982417;
156;0;0.98238;0;0.982417;0;0;0;0.982417;
157;0;0.98238;0;0.982417;0;0;0;0.982417;
158;0;0.980581;0;0.981096;0;0;0;0.981096;
159;0;0.980581;0;0.981096;0;0;0;0.981096;
160;0;0.980581;0;0.981096;0;0;0;0.981096;
161;0;0.980581;0;0.981096;0;0;0;0.981096;
162;0;0.980581;0;0.981096;0;0;0;0.981096;
163;0;0.980581;0.01125;0.981096;0.0175;0;-0.00625;0.981096;
164;0;0.980581;0;0.981096;0;0;0;0.981096;
165;0;0.980581;0;0.981096;0;0;0;0.981096;
166;0;0.980581;0;0.981096;0;0;0;0.981096;
167;0;0.980581;0;0.981096;0;0;0;0.981096;
168;0;0.980581;0;0.981096;0;0;0;0.981096;
169;0;0.980581;0;0.981096;0;0;0;0.981096;
170;0;0.980581;0;0.981096;0;0;0;0.981096;
171;0;0.980581;0;0.981096;0;0;0;0.981096;
172;0;0.980581;0;0.981096;0;0;0;0.981096;
173;0;0.980581;0;0.981096;0;0;0;0.981096;
174;0;0.978939;0;0.979711;0;0;0;0.979711;
175;0;0.978939;0;0.979711;0;0;0;0.979711;
176;0;0.978939;0;0.979711;0;0;0;0.979711;
177;0;0.978939;0;0.979711;0;0;0;0.979711;
178;0;0.978939;0;0.979711;0;0;0;0.979711;
179;0;0.978939;0.01125;0.979711;0.0175;0;-0.00625;0.979711;
180;0;0.978939;0;0.979711;0;0;0;0.979711;
181;0;0.978939;0;0.979711;0;0;0;0.979711;
182;0;0.978939;0;0.979711;0;0;0;0.979711;
183;0;0.978939;0;0.979711;0;0;0;0.979711;
184;0;0.978939;0;0.979711;0;0;0;0.979711;
185;0;0.978939;0;0.979711;0;0;0;0.979711;
186;0;0.978939;0;0.979711;0;0;0;0.979711;
187;0;0.978939;0;0.979711;0;0;0;0.979711;
188;0;0.978939;0;0.979711;0;0;0;0.979711;
189;0;0.977466;0;0.978282;0;0;0;0.978282;
190;0;0.977466;0;0.978282;0;0;0;0.978282;
191;0;0.977466;0;0.978282;0;0;0;0.978282;
192;0;0.977466;0;0.978282;0;0;0;0.978282;
193;0;0.977466;0;0.978282;0;0;0;0.978282;
194;0;0.977466;0.00703125;0.978282;0.008125;0;-0.00109375;0.978282;
195;0;0.977466;0;0.978282;0;0;0;0.978282;
196;0;0.977466;0;0.978282;0;0;0;0.978282;
197;0;0.977466;0;0.978282;0;0;0;0.978282;
198;0;0.977466;0;0.978282;0;0;0;0.978282;
199;0;0.977466;0;0.978282;0;0;0;0.978282;
200;0;0.977466;0;0.978282;0;0;0;0.978282;
201;0;0.977466;0;0.978282;0;0;0;0.978282;
202;0;0.977466;0;0.978282;0;0;0;0.978282;
203;0;0.976728;0;0.976792;0;0;0;0.976792;
204;0;0.976728;0;0.976792;0;0;0;0.976792;
205;0;0.976728;0;0.976792;0;0;0;0.976792;
206;0;0.976728;0;0.976792;0;0;0;0.976792;
207;0;0.976728;0;0.976792;0;0;0;0.976792;
208;0;0.976728;0;0.976792;0;0;0;0.976792;
209;0;0.976728;0;0.976792;0;0;0;0.976792;
210;0;0.976728;0;0.976792;0;0;0;0.976792;
211;0;0.976728;0;0.976792;0;0;0;0.976792;
212;0;0.976728;0;0.976792;0;0;0;0.976792;
213;0;0.976728;0;0.976792;0;0;0;0.976792;
214;0;0.976728;0;0.976792;0;0;0;0.976792;
215;0;0.976728;0;0.976792;0;0;0;0.976792;
216;0;0.975221;0;0.975284;0;0;0;0.975284;
217;0;0.975221;0;0.975284;0;0;0;0.975284;
218;0;0.975221;0;0.975284;0;0;0;0.975284;
219;0;0.975221;0;0.975284;0;0;0;0.975284;
220;0;0.975221;0;0.975284;0;0;0;0.975284;
221;0;0.975221;0;0.975284;0;0;0;0.975284;
222;0;0.975221;0;0.975284;0;0;0;0.975284;
223;0;0.975221;0;0.975284;0;0;0;0.975284;
224;0;0.975221;0;0.975284;0;0;0;0.975284;
225;0;0.975221;0;0.975284;0;0;0;0.975284;
226;0;0.975221;0;0.975284;0;0;0;0.975284;
227;0;0.975221;0;0.975284;0;0;0;0.975284;
228;0;0.973576;0;0.973625;0;0;0;0.973625;
229;0;0.973576;0;0.973625;0;0;0;0.973625;
230;0;0.973576;0;0.973625;0;0;0;0.973625;
231;0;0.973576;0;0.973625;0;0;0;0.973625;
232;0;0.973576;0;0.973625;0;0;0;0.973625;
233;0;0.973576;0.0028125;0.973625;0.0075;0;-0.0046875;0.973625;
234;0;0.973576;0;0.973625;0;0;0;0.973625;
235;0;0.973576;0;0.973625;0;0;0;0.973625;
236;0;0.973576;0;0.973625;0;0;0;0.973625;
237;0;0.973576;0;0.973625;0;0;0;0.973625;
238;0;0.973576;0;0.973625;0;0;0;0.973625;
239;0;0.973576;0;0.973625;0;0;0;0.973625;
240;0;0.971936;0;0.971978;0;0;0;0.971978;
241;0;0.971936;0;0.971978;0;0;0;0.971978;
242;0;0.971936;0;0.971978;0;0;0;0.971978;
243;0;0.971936;0;0.971978;0;0;0;0.971978;
244;0;0.971936;0;0.971978;0;0;0;0.971978;
245;0;0.971936;0.0028125;0.971978;0.009375;0;-0.0065625;0.971978;
246;0;0.971936;0;0.971978;0;0;0;0.971978;
247;0;0.971936;0;0.971978;0;0;0;0.971978;
248;0;0.971936;0;0.971978;0;0;0;0.971978;
249;0;0.971936;0;0.971978;0;0;0;0.971978;
250;0;0.971936;0;0.971978;0;0;0;0.971978;
251;0;0.970265;0;0.970306;0;0;0;0.970306;
252;0;0.970265;0;0.970306;0;0;0;0.970306;
253;0;0.970265;0;0.970306;0;0;0;0.970306;
254;0;0.970265;0;0.970306;0;0;0;0.970306;
255;0;0.970265;0;0.970306;0;0;0;0.970306;
256;0;0.970265;0.005625;0.970306;0.01375;0;-0.008125;0.970306;
257;0;0.970265;0;0.970306;0;0;0;0.970306;
258;0;0.970265;0;0.970306;0;0;0;0.970306;
259;0;0.970265;0;0.970306;0;0;0;0.970306;
260;0;0.970265;0;0.970306;0;0;0;0.970306;
261;0;0.968495;0;0.968566;0;0;0;0.968566;
262;0;0.968495;0;0.968566;0;0;0;0.968566;
263;0;0.968495;0;0.968566;0;0;0;0.968566;
264;0;0.968495;0;0.968566;0;0;0;0.968566;
265;0;0.968495;0;0.968566;0;0;0;0.968566;
266;0;0.968495;0.0140625;0.968566;0.02125;0;-0.0071875;0.968566;
267;0;0.968495;0;0.968566;0;0;0;0.968566;
268;0;0.968495;0;0.968566;0;0;0;0.968566;
269;0;0.968495;0;0.968566;0;0;0;0.968566;
270;0;0.966674;0;0.966713;0;0;0;0.966713;
271;0;0.966674;0;0.966713;0;0;0;0.966713;
272;0;0.966674;0;0.966713;0;0;0;0.966713;
273;0;0.966674;0;0.966713;0;0;0;0.966713;
274;0;0.966674;0;0.966713;0;0;0;0.966713;
275;0.000625;0.966674;0.0225;0.966713;0.0275;0;-0.005;0.966713;
276;0;0.966674;0;0.966713;0;0;0;0.966713;
277;0;0.966674;0;0.966713;0;0;0;0.966713;
278;0;0.966674;0;0.966713;0;0;0;0.966713;
279;0;0.964725;0;0.96489;0;0;0;0.96489;
280;0;0.964725;0;0.96489;0;0;0;0.96489;
281;0;0.964725;0;0.96489;0;0;0;0.96489;
282;0;0.964725;0;0.96489;0;0;0;0.96489;
283;0;0.964725;0;0.96489;0;0;0;0.96489;
284;0.000625;0.964725;0.0225;0.96489;0.0275;0;-0.005;0.96489;
285;0;0.964725;0;0.96489;0;0;0;0.96489;
286;0;0.964725;0;0.96489;0;0;0;0.96489;
287;0;0.964725;0;0.96489;0;0;0;0.96489;
288;0;0.961583;0;0.962958;0;0;0;0.962958;
289;0;0.961583;0;0.962958;0;0;0;0.962958;
290;0;0.961583;0;0.962958;0;0;0;0.962958;
291;0;0.961583;0;0.962958;0;0;0;0.962958;
292;0;0.961583;0;0.962958;0;0;0;0.962958;
293;0.000625;0.961583;0.0225;0.962958;0.0275;0;-0.005;0.962958;
294;0;0.961583;0;0.962958;0;0;0;0.962958;
295;0;0.961583;0;0.962958;0;0;0;0.962958;
296;0;0.960125;0;0.961022;0;0;0;0.961022;
297;0;0.960125;0;0.961022;0;0;0;0.961022;
298;0;0.960125;0;0.961022;0;0;0;0.961022;
299;0;0.960125;0;0.961022;0;0;0;0.961022;
300;0;0.960125;0;0.961022;0;0;0;0.961022;
301;0;0.960125;0.0126563;0.961022;0.015625;0;-0.00296875;0.961022;
302;0;0.960125;0;0.961022;0;0;0;0.961022;
303;0;0.960125;0;0.961022;0;0;0;0.961022;
304;0;0.959007;0;0.959007;0;0;0;0.959007;
305;0;0.959007;0;0.959007;0;0;0;0.959007;
306;0;0.959007;0;0.959007;0;0;0;0.959007;
307;0;0.959007;0;0.959007;0;0;0;0.959007;
308;0;0.959007;0;0.959007;0;0;0;0.959007;
309;0;0.959007;0;0.959007;0;0;0;0.959007;
310;0;0.959007;0;0.959007;0;0;0;0.959007;
311;0;0.956875;0;0.956875;0;0;0;0.956875;
312;0;0.956875;0;0.956875;0;0;0;0.956875;
313;0;0.956875;0;0.956875;0;0;0;0.956875;
314;0;0.956875;0;0.956875;0;0;0;0.956875;
315;0;0.956875;0;0.956875;0;0;0;0.956875;
316;0;0.956875;0;0.956875;0;0;0;0.956875;
317;0;0.956875;0;0.956875;0;0;0;0.956875;
318;0;0.954571;0;0.954571;0;0;0;0.954571;
319;0;0.954571;0;0.954571;0;0;0;0.954571;
320;0;0.954571;0;0.954571;0;0;0;0.954571;
321;0;0.954571;0;0.954571;0;0;0;0.954571;
322;0;0.954571;0;0.954571;0;0;0;0.954571;
323;0;0.954571;0.0028125;0.954571;0.011875;0;-0.0090625;0.954571;
324;0;0.954571;0;0.954571;0;0;0;0.954571;
325;0;0.952255;0;0.952255;0;0;0;0.952255;
326;0;0.952255;0;0.952255;0;0;0;0.952255;
327;0;0.952255;0;0.952255;0;0;0;0.952255;
328;0;0.952255;0;0.952255;0;0;0;0.952255;
329;0;0.952255;0;0.952255;0;0;0;0.952255;
330;0;0.952255;0.005625;0.952255;0.018125;0;-0.0125;0.952255;
331;0;0.949939;0;0.949939;0;0;0;0.949939;
332;0;0.949939;0;0.949939;0;0;0;0.949939;
333;0;0.949939;0;0.949939;0;0;0;0.949939;
334;0;0.949939;0;0.949939;0;0;0;0.949939;
335;0;0.949939;0;0.949939;0;0;0;0.949939;
336;0;0.949939;0.0084375;0.949939;0.0225;0;-0.0140625;0.949939;
337;0;0.947637;0;0.947637;0;0;0;0.947637;
338;0;0.947637;0;0.947637;0;0;0;0.947637;
339;0;0.947637;0;0.947637;0;0;0;0.947637;
340;0;0.947637;0;0.947637;0;0;0;0.947637;
341;0;0.947637;0;0.947637;0;0;0;0.947637;
342;0;0.947637;0.0210937;0.947637;0.033125;0;-0.0120312;0.947637;
343;0;0.945321;0;0.945321;0;0;0;0.945321;
344;0;0.945321;0;0.945321;0;0;0;0.945321;
345;0;0.945321;0;0.945321;0;0;0;0.945321;
346;0;0.945321;0;0.945321;0;0;0;0.945321;
347;0;0.945321;0;0.945321;0;0;0;0.945321;
348;0.0023125;0.942988;0.03375;0.942988;0.0375;0;-0.00375;0.942988;
349;0;0.942988;0;0.942988;0;0;0;0.942988;
350;0;0.942988;0;0.942988;0;0;0;0.942988;
351;0;0.942988;0;0.942988;0;0;0;0.942988;
352;0;0.942988;0;0.942988;0;0;0;0.942988;
353;0.0023125;0.942988;0.03375;0.942988;0.0375;0;-0.00375;0.942988;
354;0;0.939525;0;0.940664;0;0;0;0.940664;
355;0;0.939525;0;0.940664;0;0;0;0.940664;
356;0;0.939525;0;0.940664;0;0;0;0.940664;
357;0;0.939525;0;0.940664;0;0;0;0.940664;
358;0;0.939525;0;0.940664;0;0;0;0.940664;
359;0.0023125;0.936971;0.03375;0.938238;0.0375;0;-0.00375;0.938238;
360;0;0.936971;0;0.938238;0;0;0;0.938238;
361;0;0.936971;0;0.938238;0;0;0;0.938238;
362;0;0.936971;0;0.938238;0;0;0;0.938238;
363;0;0.936971;0;0.938238;0;0;0;0.938238;
364;0;0.935686;0.0182813;0.935691;0.018125;0;0.00015625;0.935691;
365;0;0.935686;0;0.935691;0;0;0;0.935691;
366;0;0.935686;0;0.935691;0;0;0;0.935691;
367;0;0.935686;0;0.935691;0;0;0;0.935691;
368;0;0.933098;0;0.933098;0;0;0;0.933098;
369;0;0.933098;0;0.933098;0;0;0;0.933098;
370;0;0.933098;0;0.933098;0;0;0;0.933098;
371;0;0.933098;0;0.933098;0;0;0;0.933098;
372;0;0.933098;0;0.933098;0;0;0;0.933098;
373;0;0.930488;0;0.930515;0;0;0;0.930515;
374;0;0.930488;0;0.930515;0;0;0;0.930515;
375;0;0.930488;0;0.930515;0;0;0;0.930515;
376;0;0.930488;0;0.930515;0;0;0;0.930515;
377;0;0.927922;0;0.927951;0;0;0;0.927951;
378;0;0.927922;0.0028125;0.927951;0.011875;0;-0.0090625;0.927951;
379;0;0.927922;0;0.927951;0;0;0;0.927951;
380;0;0.927922;0;0.927951;0;0;0;0.927951;
381;0;0.925333;0;0.925346;0;0;0;0.925346;
382;0;0.925333;0.00421875;0.925346;0.015;0;-0.0107812;0.925346;
383;0;0.925333;0;0.925346;0;0;0;0.925346;
384;0;0.925333;0;0.925346;0;0;0;0.925346;
385;0;0.922623;0;0.922625;0;0;0;0.922625;
386;0;0.922623;0.005625;0.922625;0.0175;0;-0.011875;0.922625;
387;0;0.922623;0;0.922625;0;0;0;0.922625;
388;0;0.922623;0;0.922625;0;0;0;0.922625;
389;0;0.919806;0;0.919806;0;0;0;0.919806;
390;0;0.919806;0.0253125;0.919806;0.035;0;-0.0096875;0.919806;
391;0;0.919806;0;0.919806;0;0;0;0.919806;
392;0;0.919806;0;0.919806;0;0;0;0.919806;
393;0;0.915667;0;0.91677;0;0;0;0.91677;
394;0.0023125;0.915667;0.045;0.91677;0.05125;0;-0.00625;0.91677;
395;0;0.915667;0;0.91677;0;0;0;0.91677;
396;0;0.915667;0;0.91677;0;0;0;0.91677;
397;0;0.91136;0;0.913873;0;0;0;0.913873;
398;0.0023125;0.91136;0.0435938;0.913873;0.05;0;-0.00640625;0.913873;
399;0;0.91136;0;0.913873;0;0;0;0.913873;
400;0;0.909478;0;0.91102;0;0;0;0.91102;
401;0;0.909478;0;0.91102;0;0;0;0.91102;
402;0;0.909478;0.0267187;0.91102;0.044375;0;-0.0176562;0.91102;
403;0;0.909478;0;0.91102;0;0;0;0.91102;
404;0;0.908029;0;0.908047;0;0;0;0.908047;
405;0;0.908029;0.0196875;0.908047;0.02125;0;-0.0015625;0.908047;
406;0;0.908029;0;0.908047;0;0;0;0.908047;
407;0;0.904988;0;0.905039;0;0;0;0.905039;
408;0;0.904988;0;0.905039;0;0;0;0.905039;
409;0;0.904988;0;0.905039;0;0;0;0.905039;
410;0;0.901809;0;0.901919;0;0;0;0.901919;
411;0;0.901809;0;0.901919;0;0;0;0.901919;
412;0;0.901809;0;0.901919;0;0;0;0.901919;
413;0;0.898615;0;0.898708;0;0;0;0.898708;
414;0;0.898615;0;0.898708;0;0;0;0.898708;
415;0;0.898615;0.00140625;0.898708;0.009375;0;-0.00796875;0.898708;
416;0;0.895473;0;0.89551;0;0;0;0.89551;
417;0;0.895473;0;0.89551;0;0;0;0.89551;
418;0;0.895473;0.00421875;0.89551;0.015;0;-0.0107812;0.89551;
419;0;0.892382;0;0.8924;0;0;0;0.8924;
420;0;0.892382;0;0.8924;0;0;0;0.8924;
421;0;0.892382;0.0084375;0.8924;0.02375;0;-0.0153125;0.8924;
422;0;0.889022;0;0.889066;0;0;0;0.889066;
423;0;0.889022;0;0.889066;0;0;0;0.889066;
424;0;0.883944;0.0323437;0.885564;0.046875;0;-0.0145313;0.885564;
425;0;0.883944;0;0.885564;0;0;0;0.885564;
426;0;0.883944;0;0.885564;0;0;0;0.885564;
427;0.0023125;0.878887;0.05625;0.882179;0.0625;0;-0.00625;0.882179;
428;0;0.878887;0;0.882179;0;0;0;0.882179;
429;0.00209375;0.876922;0.0534375;0.878784;0.05875;0;-0.0053125;0.878784;
430;0;0.876922;0;0.878784;0;0;0;0.878784;
431;0;0.876922;0;0.878784;0;0;0;0.878784;
432;0;0.875314;0.03375;0.875439;0.049375;0;-0.015625;0.875439;
433;0;0.875314;0;0.875439;0;0;0;0.875439;
434;0;0.871914;0.0253125;0.872083;0.02875;0;-0.0034375;0.872083;
435;0;0.871914;0;0.872083;0;0;0;0.872083;
436;0;0.871914;0;0.872083;0;0;0;0.872083;
437;0;0.868201;0;0.868319;0;0;0;0.868319;
438;0;0.868201;0;0.868319;0;0;0;0.868319;
439;0;0.864547;0;0.864645;0;0;0;0.864645;
440;0;0.864547;0;0.864645;0;0;0;0.864645;
441;0;0.860912;0;0.860988;0;0;0;0.860988;
442;0;0.860912;0.0028125;0.860988;0.009375;0;-0.0065625;0.860988;
443;0;0.857159;0;0.857211;0;0;0;0.857211;
444;0;0.857159;0.0028125;0.857211;0.011875;0;-0.0090625;0.857211;
445;0;0.853272;0;0.853373;0;0;0;0.853373;
446;0;0.853272;0.005625;0.853373;0.0175;0;-0.011875;0.853373;
447;0;0.84889;0;0.849559;0;0;0;0.849559;
448;0;0.84889;0.0365625;0.849559;0.045625;0;-0.0090625;0.849559;
449;0;0.84315;0;0.845721;0;0;0;0.845721;
450;0.0023125;0.84315;0.0675;0.845721;0.071875;0;-0.004375;0.845721;
451;0;0.83965;0;0.841801;0;0;0;0.841801;
452;0.0023125;0.83965;0.0675;0.841801;0.071875;0;-0.004375;0.841801;
453;0;0.837755;0;0.837907;0;0;0;0.837907;
454;0.0023125;0.837755;0.0646875;0.837907;0.07125;0;-0.0065625;0.837907;
455;0;0.833752;0;0.833936;0;0;0;0.833936;
456;0;0.833752;0.03375;0.833936;0.035;0;-0.00125;0.833936;
457;0;0.829483;0;0.829669;0;0;0;0.829669;
458;0;0.825301;0;0.825471;0;0;0;0.825471;
459;0;0.825301;0;0.825471;0;0;0;0.825471;
460;0;0.821235;0;0.821375;0;0;0;0.821375;
461;0;0.821235;0;0.821375;0;0;0;0.821375;
462;0;0.81701;0.0028125;0.817154;0.0125;0;-0.0096875;0.817154;
463;0;0.812588;0.00703125;0.812762;0.02;0;-0.0129687;0.812762;
464;0;0.812588;0;0.812762;0;0;0;0.812762;
465;0;0.807368;0.01125;0.80835;0.02875;0;-0.0175;0.80835;
466;0;0.807368;0;0.80835;0;0;0;0.80835;
467;0;0.800581;0.0435937;0.803971;0.05625;0;-0.0126563;0.803971;
468;0.0030625;0.797125;0.07875;0.799679;0.081875;0;-0.003125;0.799679;
469;0;0.797125;0;0.799679;0;0;0;0.799679;
470;0.0030625;0.79501;0.07875;0.795306;0.08125;0;-0.0025;0.795306;
471;0;0.790547;0;0.790897;0;0;0;0.790897;
472;0.0030625;0.785816;0.0773438;0.786113;0.08125;0;-0.00390625;0.786113;
473;0;0.785816;0.0379687;0.786113;0.04125;0;-0.00328125;0.786113;
474;0;0.781159;0;0.781422;0;0;0;0.781422;
475;0;0.776574;0;0.776824;0;0;0;0.776824;
476;0;0.776574;0;0.776824;0;0;0;0.776824;
477;0;0.771838;0.0028125;0.7721;0.009375;0;-0.0065625;0.7721;
478;0;0.766917;0;0.767191;0;0;0;0.767191;
479;0;0.761331;0.0028125;0.762294;0.011875;0;-0.0090625;0.762294;
480;0;0.75389;0.005625;0.757549;0.0175;0;-0.011875;0.757549;
481;0;0.75389;0;0.757549;0;0;0;0.757549;
482;0;0.749789;0.0478125;0.752647;0.056875;0;-0.0090625;0.752647;
483;0.00396875;0.74739;0.09;0.747713;0.0925;0;-0.0025;0.747713;
484;0.00396875;0.742404;0.09;0.742765;0.0925;0;-0.0025;0.742765;
485;0.0035625;0.73724;0.084375;0.737588;0.090625;0;-0.00625;0.737588;
486;0;0.732032;0;0.732348;0;0;0;0.732348;
487;0;0.726936;0.045;0.727228;0.045;0;-3.13118e-18;0.727228;
488;0;0.72173;0;0.722042;0;0;0;0.722042;
489;0;0.716326;0;0.71663;0;0;0;0.71663;
490;0;0.716326;0.0028125;0.71663;0.009375;0;-0.0065625;0.71663;
491;0;0.709787;0.0028125;0.711377;0.011875;0;-0.0090625;0.711377;
492;0;0.701792;0.0084375;0.706042;0.02375;0;-0.0153125;0.706042;
493;0;0.697527;0.0548437;0.700674;0.06875;0;-0.0139062;0.700674;
494;0.00509375;0.689248;0.10125;0.689755;0.1025;0;-0.00125;0.689755;
495;0;0.683532;0;0.684037;0;0;0;0.684037;
496;0.00509375;0.677865;0.10125;0.678392;0.1025;0;-0.00125;0.678392;
497;0.0049375;0.672299;0.0984375;0.672838;0.10125;0;-0.0028125;0.672838;
498;0;0.666505;0.050625;0.667002;0.0475;0;0.003125;0.667002;
499;0;0.660586;0;0.660949;0;0;0;0.660949;
500;0;0.653441;0.0028125;0.655061;0.011875;0;-0.0090625;0.655061;
501;0;0.645228;0.00421875;0.649127;0.015;0;-0.0107812;0.649127;
502;0;0.637047;0.005625;0.637047;0.0175;0;-0.011875;0.637047;
503;0;0.630875;0.0590625;0.630875;0.0725;0;-0.0134375;0.630875;
504;0.006125;0.624493;0.1125;0.624493;0.118125;0;-0.005625;0.624493;
505;0.00590625;0.618176;0.109688;0.618176;0.116875;0;-0.0071875;0.618176;
506;0.00590625;0.605559;0.109688;0.605559;0.1175;0;-0.0078125;0.605559;
507;0;0.599243;0.0576563;0.599243;0.055625;0;0.00203125;0.599243;
508;0;0.592949;0;0.592949;0;0;0;0.592949;
509;0;0.576931;0.0028125;0.580238;0.011875;0;-0.0090625;0.580238;
510;0;0.573608;0.005625;0.573613;0.018125;0;-0.0125;0.573613;
511;0;0.560213;0.0660938;0.560279;0.084375;0;-0.0182813;0.560279;
512;0.0060625;0.553647;0.12375;0.553716;0.129375;0;-0.005625;0.553716;
513;0.0060625;0.540662;0.12375;0.540664;0.129375;0;-0.005625;0.540664;
514;0.0060625;0.533846;0.12375;0.533846;0.129375;0;-0.005625;0.533846;
515;0;0.513203;0;0.519716;0;0;0;0.519716;
516;0;0.509243;0.0028125;0.512824;0.011875;0;-0.0090625;0.512824;
517;0;0.498988;0.00421875;0.499078;0.015;0;-0.0107812;0.499078;
518;0;0.484458;0.0703125;0.484591;0.085;0;-0.0146875;0.484591;
519;0.0060625;0.470304;0.135;0.470321;0.140625;0;-0.005625;0.470321;
520;0.0060625;0.462904;0.135;0.462988;0.140625;0;-0.005625;0.462988;
521;0;0.44077;0.0534375;0.44814;0.05625;0;-0.0028125;0.44814;
522;0;0.433314;0;0.433478;0;0;0;0.433478;
523;0;0.418083;0.00421875;0.418279;0.015;0;-0.0107812;0.418279;
524;0;0.402951;0.0773438;0.403066;0.096875;0;-0.0195313;0.403066;
525;0.007375;0.387272;0.14625;0.387412;0.15125;0;-0.005;0.387412;
526;0.007375;0.36715;0.14625;0.371799;0.15125;0;-0.005;0.371799;
527;0;0.355755;0.0590625;0.355985;0.06375;0;-0.0046875;0.355985;
528;0;0.331223;0.0028125;0.331392;0.009375;0;-0.0065625;0.331392;
529;0;0.314971;0.005625;0.315194;0.0175;0;-0.011875;0.315194;
530;0.007375;0.297289;0.156188;0.298311;0.1625;0;-0.0063125;0.298311;
531;0.007375;0.273088;0.156188;0.273502;0.1625;0;-0.0063125;0.273502;
532;0.00128125;0.255699;0.0774375;0.256034;0.074375;0;0.0030625;0.256034;
533;0;0.229917;0.00421875;0.230336;0.015;0;-0.0107812;0.230336;
534;0;0.211292;0.0885;0.212333;0.109375;0;-0.020875;0.212333;
535;0.0076875;0.185468;0.16725;0.185988;0.17375;0;-0.0065;0.185988;
536;0.00590625;0.157993;0.156094;0.158348;0.169375;0;-0.0132812;0.158348;
537;0;0.130287;0.0028125;0.130787;0.009375;0;-0.0065625;0.130787;
538;0;0.097527;0.0927188;0.102831;0.11;0;-0.0172812;0.102831;
539;0.00765625;0.0734926;0.173813;0.0739975;0.175;0;-0.0011875;0.0739975;
540;0.00765625;0.0445441;0.165375;0.0451985;0.17;0;-0.004625;0.0451985;
541;0;0.00922794;0.0028125;0.0152451;0.011875;0;-0.0090625;0.0152451;
542;0.00721875;0.989417;0.184313;0.989439;0.185;0;-0.0006875;0.989439;
543;0.00721875;0.989417;0.184313;0.989439;0.185;0;-0.0006875;0.989439;
544;0;0.989417;0;0.989439;0;0;0;0.989439;
545;0;0.989417;0;0.989439;0;0;0;0.989439;
546;0;0.989417;0.00271875;0.989439;0.009375;0;-0.00665625;0.989439;
547;0;0.989417;0.0028125;0.989439;0.00375;0;-0.0009375;0.989439;
548;0;0.989417;0;0.989439;0;0;0;0.989439;
549;0;0.989417;0;0.989439;0;0;0;0.989439;
550;0;0.989417;0;0.989439;0;0;0;0.989439;
551;0;0.989417;0;0.989439;0;0;0;0.989439;
552;0;0.989417;0;0.989439;0;0;0;0.989439;
553;0;0.989417;0;0.989439;0;0;0;0.989439;
554;0;0.989417;0;0.989439;0;0;0;0.989439;
555;0;0.989417;0;0.989439;0;0;0;0.989439;
556;0;0.989417;0;0.989439;0;0;0;0.989439;
557;0;0.989417;0;0.989439;0;0;0;0.989439;
