# "LGMD WTA"=CB1484055328CB1483972485L-3491-1483630309-919331471
# "Hue"=L-3415-1482226533-719885386
# "LGMD WTA"=CB1484055328CB1483972485L-3491-1483630309-919331471
# "Hue"=L-3415-1482226533-719885386
# "LGMD WTA"=CB1484055328CB1483972485L-3491-1483630309-919331471
# "Hue"=L-3415-1482226533-719885386
# "LGMD WTA"=CB1484055328CB1483972485L-3491-1483630309-919331471
# "Hue"=L-3415-1482226533-719885386
cycle;CB1484055328CB1483972485L-3491-1483630309-919331471_act_RangeAverage;L-3415-1482226533-719885386_act_RangeAverage;CB1484055328CB1483972485L-3491-1483630309-919331471_excIn_RangeAverage;L-3415-1482226533-719885386_excIn_RangeAverage;CB1484055328CB1483972485L-3491-1483630309-919331471_inhIn_RangeAverage;L-3415-1482226533-719885386_inhIn_RangeAverage;CB1484055328CB1483972485L-3491-1483630309-919331471_vm_RangeAverage;L-3415-1482226533-719885386_vm_RangeAverage;
0;0;0;0;0;0;0;0;0;
1;0;0.988402;0;0.988431;0;0;0;0.988431;
2;0;0.988402;0;0.988431;0;0;0;0.988431;
3;0;0.988402;0;0.988431;0;0;0;0.988431;
4;0;0.988402;0;0.988431;0;0;0;0.988431;
5;0;0.988402;0;0.988431;0;0;0;0.988431;
6;0;0.987304;0;0.987321;0;0;0;0.987321;
7;0;0.987304;0;0.987321;0;0;0;0.987321;
8;0;0.987304;0;0.987321;0;0;0;0.987321;
9;0;0.987304;0;0.987321;0;0;0;0.987321;
10;0;0.987304;0;0.987321;0;0;0;0.987321;
11;0;0.986125;0.0028125;0.986154;0.006875;0;-0.0040625;0.986154;
12;0;0.986125;0;0.986154;0;0;0;0.986154;
13;0;0.986125;0;0.986154;0;0;0;0.986154;
14;0;0.986125;0;0.986154;0;0;0;0.986154;
15;0;0.986125;0;0.986154;0;0;0;0.986154;
16;0;0.984966;0.00421875;0.984998;0.009375;0;-0.00515625;0.984998;
17;0;0.984966;0;0.984998;0;0;0;0.984998;
18;0;0.984966;0;0.984998;0;0;0;0.984998;
19;0;0.984966;0;0.984998;0;0;0;0.984998;
20;0;0.983703;0;0.98374;0;0;0;0.98374;
21;0;0.983703;0.0084375;0.98374;0.0125;0;-0.0040625;0.98374;
22;0;0.983703;0;0.98374;0;0;0;0.98374;
23;0;0.983703;0;0.98374;0;0;0;0.98374;
24;0;0.981458;0;0.982417;0;0;0;0.982417;
25;0;0.981458;0.0084375;0.982417;0.0125;0;-0.0040625;0.982417;
26;0;0.981458;0;0.982417;0;0;0;0.982417;
27;0;0.981458;0;0.982417;0;0;0;0.982417;
28;0;0.97951;0;0.981096;0;0;0;0.981096;
29;0;0.97951;0.00703125;0.981096;0.011875;0;-0.00484375;0.981096;
30;0;0.97951;0;0.981096;0;0;0;0.981096;
31;0;0.977696;0;0.979711;0;0;0;0.979711;
32;0;0.977696;0;0.979711;0;0;0;0.979711;
33;0;0.977696;0.0084375;0.979711;0.00875;0;-0.0003125;0.979711;
34;0;0.977466;0;0.978282;0;0;0;0.978282;
35;0;0.977466;0;0.978282;0;0;0;0.978282;
36;0;0.977466;0.0084375;0.978282;0.011875;0;-0.0034375;0.978282;
37;0;0.976728;0;0.976792;0;0;0;0.976792;
38;0;0.976728;0;0.976792;0;0;0;0.976792;
39;0;0.976728;0.0028125;0.976792;0.005625;0;-0.0028125;0.976792;
40;0;0.975221;0;0.975284;0;0;0;0.975284;
41;0;0.975221;0;0.975284;0;0;0;0.975284;
42;0;0.973576;0;0.973625;0;0;0;0.973625;
43;0;0.973576;0;0.973625;0;0;0;0.973625;
44;0;0.973576;0;0.973625;0;0;0;0.973625;
45;0;0.971936;0;0.971978;0;0;0;0.971978;
46;0;0.971936;0;0.971978;0;0;0;0.971978;
47;0;0.970265;0.0028125;0.970306;0.0075;0;-0.0046875;0.970306;
48;0;0.970265;0;0.970306;0;0;0;0.970306;
49;0;0.968495;0;0.968566;0;0;0;0.968566;
50;0;0.968495;0.00421875;0.968566;0.011875;0;-0.00765625;0.968566;
51;0;0.965382;0;0.966713;0;0;0;0.966713;
52;0;0.965382;0.0084375;0.966713;0.0175;0;-0.0090625;0.966713;
53;0;0.962414;0;0.96489;0;0;0;0.96489;
54;0;0.962414;0.01125;0.96489;0.0175;0;-0.00625;0.96489;
55;0;0.96023;0;0.962958;0;0;0;0.962958;
56;0;0.96023;0.0140625;0.962958;0.01625;0;-0.0021875;0.962958;
57;0;0.96;0;0.961022;0;0;0;0.961022;
58;0;0.959007;0.0154688;0.959007;0.020625;0;-0.00515625;0.959007;
59;0;0.959007;0;0.959007;0;0;0;0.959007;
60;0.00121875;0.956875;0.0140625;0.956875;0.015625;0;-0.0015625;0.956875;
61;0;0.954571;0;0.954571;0;0;0;0.954571;
62;0;0.954571;0.0028125;0.954571;0.005625;0;-0.0028125;0.954571;
63;0;0.952255;0;0.952255;0;0;0;0.952255;
64;0;0.949939;0;0.949939;0;0;0;0.949939;
65;0;0.947637;0;0.947637;0;0;0;0.947637;
66;0;0.942341;0.0028125;0.945321;0.011875;0;-0.0090625;0.945321;
67;0;0.942341;0;0.945321;0;0;0;0.945321;
68;0;0.938007;0.005625;0.942988;0.0175;0;-0.011875;0.942988;
69;0;0.937172;0.0084375;0.940664;0.0225;0;-0.0140625;0.940664;
70;0;0.936971;0.0140625;0.938238;0.0225;0;-0.0084375;0.938238;
71;0.00428125;0.935686;0.0225;0.935691;0.02125;0;0.00125;0.935691;
72;0;0.933098;0;0.933098;0;0;0;0.933098;
73;0.0023125;0.930488;0.0196875;0.930515;0.013125;0;0.0065625;0.930515;
74;0;0.927922;0.005625;0.927951;0.016875;0;-0.01125;0.927951;
75;0;0.922623;0.0028125;0.922625;0.005625;0;-0.0028125;0.922625;
76;0;0.916642;0;0.919806;0;0;0;0.919806;
77;0;0.910762;0;0.91677;0;0;0;0.91677;
78;0;0.909478;0.0028125;0.91102;0.011875;0;-0.0090625;0.91102;
79;0;0.908029;0.005625;0.908047;0.0175;0;-0.011875;0.908047;
80;0;0.901809;0.016875;0.901919;0.025;0;-0.008125;0.901919;
81;0.00440625;0.898615;0.0309375;0.898708;0.02625;0;0.0046875;0.898708;
82;0.0023125;0.892382;0.0225;0.8924;0.018125;0;0.004375;0.8924;
83;0;0.880142;0.00984375;0.885564;0.023125;0;-0.0132812;0.885564;
84;0;0.87714;0;0.882179;0;0;0;0.882179;
85;0;0.875314;0.00140625;0.875439;0.009375;0;-0.00796875;0.875439;
86;0;0.868201;0.00421875;0.868319;0.015;0;-0.0107812;0.868319;
87;0;0.857159;0.0196875;0.857211;0.0275;0;-0.0078125;0.857211;
88;0.004625;0.841843;0.0421875;0.849559;0.0325;0;0.0096875;0.849559;
89;0;0.83965;0.0210937;0.841801;0.023125;0;-0.00203125;0.841801;
90;0;0.829483;0.0028125;0.829669;0.005625;0;-0.0028125;0.829669;
91;0;0.81701;0.0028125;0.817154;0.009375;0;-0.0065625;0.817154;
92;0;0.797331;0.0225;0.803971;0.03;0;-0.0075;0.803971;
93;0.004625;0.790547;0.050625;0.790897;0.0375;0;0.013125;0.790897;
94;0;0.771838;0.0140625;0.7721;0.023125;0;-0.0090625;0.7721;
95;0;0.74998;0.00140625;0.757549;0.009375;0;-0.00796875;0.757549;
96;0;0.732032;0.0253125;0.732348;0.0325;0;-0.0071875;0.732348;
97;0.004625;0.700819;0.0590625;0.711377;0.0425;0;0.0165625;0.711377;
98;0;0.683532;0.0028125;0.684037;0.005625;0;-0.0028125;0.684037;
99;0;0.642826;0.028125;0.655061;0.035;0;-0.006875;0.655061;
100;0.004625;0.618176;0.0675;0.618176;0.0475;0;0.02;0.618176;
101;0;0.576931;0.00421875;0.580238;0.015;0;-0.0107812;0.580238;
102;0.004625;0.510723;0.0759375;0.526652;0.0525;0;0.0234375;0.526652;
103;0;0.470304;0.0225;0.470321;0.03125;0;-0.00875;0.470321;
104;0.004625;0.402951;0.084375;0.403066;0.0575;0;0.026875;0.403066;
105;0;0.323235;0.01125;0.323414;0.0275;0;-0.01625;0.323414;
106;0.004625;0.209203;0.0928125;0.22127;0.0625;0;0.0303125;0.22127;
107;0.004625;0.0973995;0.10125;0.102831;0.0675;0;0.03375;0.102831;
108;0;0.988402;0.0421875;0.988431;0.0475;0;-0.0053125;0.988431;
109;0.00440625;0.988402;0.106875;0.988431;0.07;0;0.036875;0.988431;
110;0.004625;0.988402;0.118125;0.988431;0.0775;0;0.040625;0.988431;
