# "LGMD WTA"=CB1484055328CB1483972485L-3491-1483630309-919331471
# "Hue"=L-3415-1482226533-719885386
# "LGMD WTA"=CB1484055328CB1483972485L-3491-1483630309-919331471
# "Hue"=L-3415-1482226533-719885386
# "LGMD WTA"=CB1484055328CB1483972485L-3491-1483630309-919331471
# "Hue"=L-3415-1482226533-719885386
# "LGMD WTA"=CB1484055328CB1483972485L-3491-1483630309-919331471
# "Hue"=L-3415-1482226533-719885386
cycle;CB1484055328CB1483972485L-3491-1483630309-919331471_act_RangeAverage;L-3415-1482226533-719885386_act_RangeAverage;CB1484055328CB1483972485L-3491-1483630309-919331471_excIn_RangeAverage;L-3415-1482226533-719885386_excIn_RangeAverage;CB1484055328CB1483972485L-3491-1483630309-919331471_inhIn_RangeAverage;L-3415-1482226533-719885386_inhIn_RangeAverage;CB1484055328CB1483972485L-3491-1483630309-919331471_vm_RangeAverage;L-3415-1482226533-719885386_vm_RangeAverage;
0;0;0;0;0;0;0;0;0;
1;0;0.989422;0;0.989451;0;0;0;0.989451;
2;0;0.989422;0;0.989451;0;0;0;0.989451;
3;0;0.989422;0;0.989451;0;0;0;0.989451;
4;0;0.989422;0;0.989451;0;0;0;0.989451;
5;0;0.989422;0;0.989451;0;0;0;0.989451;
6;0;0.989422;0;0.989451;0;0;0;0.989451;
7;0;0.989422;0;0.989451;0;0;0;0.989451;
8;0;0.989422;0;0.989451;0;0;0;0.989451;
9;0;0.989422;0;0.989451;0;0;0;0.989451;
10;0;0.989422;0;0.989451;0;0;0;0.989451;
11;0;0.989422;0;0.989451;0;0;0;0.989451;
12;0;0.989422;0;0.989451;0;0;0;0.989451;
13;0;0.989422;0;0.989451;0;0;0;0.989451;
14;0;0.989422;0;0.989451;0;0;0;0.989451;
15;0;0.989422;0;0.989451;0;0;0;0.989451;
16;0;0.989422;0;0.989451;0;0;0;0.989451;
17;0;0.989422;0;0.989451;0;0;0;0.989451;
18;0;0.989422;0;0.989451;0;0;0;0.989451;
19;0;0.989422;0;0.989451;0;0;0;0.989451;
20;0;0.989422;0;0.989451;0;0;0;0.989451;
21;0;0.989422;0;0.989451;0;0;0;0.989451;
22;0;0.989422;0;0.989451;0;0;0;0.989451;
23;0;0.989422;0;0.989451;0;0;0;0.989451;
24;0;0.989422;0;0.989451;0;0;0;0.989451;
25;0;0.989422;0;0.989451;0;0;0;0.989451;
26;0;0.989422;0;0.989451;0;0;0;0.989451;
27;0;0.989422;0;0.989451;0;0;0;0.989451;
28;0;0.989422;0;0.989451;0;0;0;0.989451;
29;0;0.988412;0;0.988441;0;0;0;0.988441;
30;0;0.988412;0;0.988441;0;0;0;0.988441;
31;0;0.988412;0;0.988441;0;0;0;0.988441;
32;0;0.988412;0;0.988441;0;0;0;0.988441;
33;0;0.988412;0;0.988441;0;0;0;0.988441;
34;0;0.988412;0;0.988441;0;0;0;0.988441;
35;0;0.988412;0;0.988441;0;0;0;0.988441;
36;0;0.988412;0;0.988441;0;0;0;0.988441;
37;0;0.988412;0;0.988441;0;0;0;0.988441;
38;0;0.988412;0;0.988441;0;0;0;0.988441;
39;0;0.988412;0;0.988441;0;0;0;0.988441;
40;0;0.988412;0;0.988441;0;0;0;0.988441;
41;0;0.988412;0;0.988441;0;0;0;0.988441;
42;0;0.988412;0;0.988441;0;0;0;0.988441;
43;0;0.988412;0;0.988441;0;0;0;0.988441;
44;0;0.988412;0;0.988441;0;0;0;0.988441;
45;0;0.988412;0;0.988441;0;0;0;0.988441;
46;0;0.988412;0;0.988441;0;0;0;0.988441;
47;0;0.988412;0;0.988441;0;0;0;0.988441;
48;0;0.988412;0;0.988441;0;0;0;0.988441;
49;0;0.988412;0;0.988441;0;0;0;0.988441;
50;0;0.988412;0;0.988441;0;0;0;0.988441;
51;0;0.988412;0;0.988441;0;0;0;0.988441;
52;0;0.988412;0;0.988441;0;0;0;0.988441;
53;0;0.988412;0;0.988441;0;0;0;0.988441;
54;0;0.988412;0;0.988441;0;0;0;0.988441;
55;0;0.987314;0;0.987333;0;0;0;0.987333;
56;0;0.987314;0;0.987333;0;0;0;0.987333;
57;0;0.987314;0;0.987333;0;0;0;0.987333;
58;0;0.987314;0;0.987333;0;0;0;0.987333;
59;0;0.987314;0;0.987333;0;0;0;0.987333;
60;0;0.987314;0;0.987333;0;0;0;0.987333;
61;0;0.987314;0;0.987333;0;0;0;0.987333;
62;0;0.987314;0;0.987333;0;0;0;0.987333;
63;0;0.987314;0;0.987333;0;0;0;0.987333;
64;0;0.987314;0;0.987333;0;0;0;0.987333;
65;0;0.987314;0;0.987333;0;0;0;0.987333;
66;0;0.987314;0;0.987333;0;0;0;0.987333;
67;0;0.987314;0;0.987333;0;0;0;0.987333;
68;0;0.987314;0;0.987333;0;0;0;0.987333;
69;0;0.987314;0;0.987333;0;0;0;0.987333;
70;0;0.987314;0;0.987333;0;0;0;0.987333;
71;0;0.987314;0;0.987333;0;0;0;0.987333;
72;0;0.987314;0;0.987333;0;0;0;0.987333;
73;0;0.987314;0;0.987333;0;0;0;0.987333;
74;0;0.987314;0;0.987333;0;0;0;0.987333;
75;0;0.987314;0;0.987333;0;0;0;0.987333;
76;0;0.987314;0;0.987333;0;0;0;0.987333;
77;0;0.987314;0;0.987333;0;0;0;0.987333;
78;0;0.987314;0;0.987333;0;0;0;0.987333;
79;0;0.987314;0;0.987333;0;0;0;0.987333;
80;0;0.986137;0;0.986176;0;0;0;0.986176;
81;0;0.986137;0;0.986176;0;0;0;0.986176;
82;0;0.986137;0;0.986176;0;0;0;0.986176;
83;0;0.986137;0;0.986176;0;0;0;0.986176;
84;0;0.986137;0;0.986176;0;0;0;0.986176;
85;0;0.986137;0;0.986176;0;0;0;0.986176;
86;0;0.986137;0;0.986176;0;0;0;0.986176;
87;0;0.986137;0;0.986176;0;0;0;0.986176;
88;0;0.986137;0;0.986176;0;0;0;0.986176;
89;0;0.986137;0;0.986176;0;0;0;0.986176;
90;0;0.986137;0;0.986176;0;0;0;0.986176;
91;0;0.986137;0;0.986176;0;0;0;0.986176;
92;0;0.986137;0;0.986176;0;0;0;0.986176;
93;0;0.986137;0;0.986176;0;0;0;0.986176;
94;0;0.986137;0;0.986176;0;0;0;0.986176;
95;0;0.986137;0;0.986176;0;0;0;0.986176;
96;0;0.986137;0;0.986176;0;0;0;0.986176;
97;0;0.986137;0;0.986176;0;0;0;0.986176;
98;0;0.986137;0;0.986176;0;0;0;0.986176;
99;0;0.986137;0;0.986176;0;0;0;0.986176;
100;0;0.986137;0;0.986176;0;0;0;0.986176;
101;0;0.986137;0;0.986176;0;0;0;0.986176;
102;0;0.98499;0;0.985029;0;0;0;0.985029;
103;0;0.98499;0;0.985029;0;0;0;0.985029;
104;0;0.98499;0;0.985029;0;0;0;0.985029;
105;0;0.98499;0;0.985029;0;0;0;0.985029;
106;0;0.98499;0;0.985029;0;0;0;0.985029;
107;0;0.98499;0;0.985029;0;0;0;0.985029;
108;0;0.98499;0;0.985029;0;0;0;0.985029;
109;0;0.98499;0;0.985029;0;0;0;0.985029;
110;0;0.98499;0;0.985029;0;0;0;0.985029;
111;0;0.98499;0;0.985029;0;0;0;0.985029;
112;0;0.98499;0;0.985029;0;0;0;0.985029;
113;0;0.98499;0;0.985029;0;0;0;0.985029;
114;0;0.98499;0;0.985029;0;0;0;0.985029;
115;0;0.98499;0;0.985029;0;0;0;0.985029;
116;0;0.98499;0;0.985029;0;0;0;0.985029;
117;0;0.98499;0;0.985029;0;0;0;0.985029;
118;0;0.98499;0;0.985029;0;0;0;0.985029;
119;0;0.98499;0;0.985029;0;0;0;0.985029;
120;0;0.98499;0;0.985029;0;0;0;0.985029;
121;0;0.98499;0;0.985029;0;0;0;0.985029;
122;0;0.983725;0;0.983765;0;0;0;0.983765;
123;0;0.983725;0;0.983765;0;0;0;0.983765;
124;0;0.983725;0;0.983765;0;0;0;0.983765;
125;0;0.983725;0;0.983765;0;0;0;0.983765;
126;0;0.983725;0;0.983765;0;0;0;0.983765;
127;0;0.983725;0;0.983765;0;0;0;0.983765;
128;0;0.983725;0;0.983765;0;0;0;0.983765;
129;0;0.983725;0;0.983765;0;0;0;0.983765;
130;0;0.983725;0;0.983765;0;0;0;0.983765;
131;0;0.983725;0;0.983765;0;0;0;0.983765;
132;0;0.983725;0;0.983765;0;0;0;0.983765;
133;0;0.983725;0;0.983765;0;0;0;0.983765;
134;0;0.983725;0;0.983765;0;0;0;0.983765;
135;0;0.983725;0;0.983765;0;0;0;0.983765;
136;0;0.983725;0;0.983765;0;0;0;0.983765;
137;0;0.983725;0;0.983765;0;0;0;0.983765;
138;0;0.983725;0;0.983765;0;0;0;0.983765;
139;0;0.983725;0;0.983765;0;0;0;0.983765;
140;0;0.983725;0;0.983765;0;0;0;0.983765;
141;0;0.982402;0;0.982441;0;0;0;0.982441;
142;0;0.982402;0;0.982441;0;0;0;0.982441;
143;0;0.982402;0;0.982441;0;0;0;0.982441;
144;0;0.982402;0;0.982441;0;0;0;0.982441;
145;0;0.982402;0;0.982441;0;0;0;0.982441;
146;0;0.982402;0;0.982441;0;0;0;0.982441;
147;0;0.982402;0;0.982441;0;0;0;0.982441;
148;0;0.982402;0;0.982441;0;0;0;0.982441;
149;0;0.982402;0;0.982441;0;0;0;0.982441;
150;0;0.982402;0;0.982441;0;0;0;0.982441;
151;0;0.982402;0;0.982441;0;0;0;0.982441;
152;0;0.982402;0;0.982441;0;0;0;0.982441;
153;0;0.982402;0;0.982441;0;0;0;0.982441;
154;0;0.982402;0;0.982441;0;0;0;0.982441;
155;0;0.982402;0;0.982441;0;0;0;0.982441;
156;0;0.982402;0;0.982441;0;0;0;0.982441;
157;0;0.982402;0;0.982441;0;0;0;0.982441;
158;0;0.981059;0;0.981098;0;0;0;0.981098;
159;0;0.981059;0;0.981098;0;0;0;0.981098;
160;0;0.981059;0;0.981098;0;0;0;0.981098;
161;0;0.981059;0;0.981098;0;0;0;0.981098;
162;0;0.981059;0;0.981098;0;0;0;0.981098;
163;0;0.981059;0;0.981098;0;0;0;0.981098;
164;0;0.981059;0;0.981098;0;0;0;0.981098;
165;0;0.981059;0;0.981098;0;0;0;0.981098;
166;0;0.981059;0;0.981098;0;0;0;0.981098;
167;0;0.981059;0;0.981098;0;0;0;0.981098;
168;0;0.981059;0;0.981098;0;0;0;0.981098;
169;0;0.981059;0;0.981098;0;0;0;0.981098;
170;0;0.981059;0;0.981098;0;0;0;0.981098;
171;0;0.981059;0;0.981098;0;0;0;0.981098;
172;0;0.981059;0;0.981098;0;0;0;0.981098;
173;0;0.981059;0;0.981098;0;0;0;0.981098;
174;0;0.979676;0;0.979725;0;0;0;0.979725;
175;0;0.979676;0;0.979725;0;0;0;0.979725;
176;0;0.979676;0;0.979725;0;0;0;0.979725;
177;0;0.979676;0;0.979725;0;0;0;0.979725;
178;0;0.979676;0;0.979725;0;0;0;0.979725;
179;0;0.979676;0;0.979725;0;0;0;0.979725;
180;0;0.979676;0;0.979725;0;0;0;0.979725;
181;0;0.979676;0;0.979725;0;0;0;0.979725;
182;0;0.979676;0;0.979725;0;0;0;0.979725;
183;0;0.979676;0;0.979725;0;0;0;0.979725;
184;0;0.979676;0;0.979725;0;0;0;0.979725;
185;0;0.979676;0;0.979725;0;0;0;0.979725;
186;0;0.979676;0;0.979725;0;0;0;0.979725;
187;0;0.979676;0;0.979725;0;0;0;0.979725;
188;0;0.979676;0;0.979725;0;0;0;0.979725;
189;0;0.978255;0;0.978294;0;0;0;0.978294;
190;0;0.978255;0;0.978294;0;0;0;0.978294;
191;0;0.978255;0;0.978294;0;0;0;0.978294;
192;0;0.978255;0;0.978294;0;0;0;0.978294;
193;0;0.978255;0;0.978294;0;0;0;0.978294;
194;0;0.978255;0;0.978294;0;0;0;0.978294;
195;0;0.978255;0;0.978294;0;0;0;0.978294;
196;0;0.978255;0;0.978294;0;0;0;0.978294;
197;0;0.978255;0;0.978294;0;0;0;0.978294;
198;0;0.978255;0;0.978294;0;0;0;0.978294;
199;0;0.978255;0;0.978294;0;0;0;0.978294;
200;0;0.978255;0;0.978294;0;0;0;0.978294;
201;0;0.978255;0;0.978294;0;0;0;0.978294;
202;0;0.978255;0;0.978294;0;0;0;0.978294;
203;0;0.976775;0;0.976794;0;0;0;0.976794;
204;0;0.976775;0;0.976794;0;0;0;0.976794;
205;0;0.976775;0;0.976794;0;0;0;0.976794;
206;0;0.976775;0;0.976794;0;0;0;0.976794;
207;0;0.976775;0;0.976794;0;0;0;0.976794;
208;0;0.976775;0;0.976794;0;0;0;0.976794;
209;0;0.976775;0;0.976794;0;0;0;0.976794;
210;0;0.976775;0;0.976794;0;0;0;0.976794;
211;0;0.976775;0;0.976794;0;0;0;0.976794;
212;0;0.976775;0;0.976794;0;0;0;0.976794;
213;0;0.976775;0;0.976794;0;0;0;0.976794;
214;0;0.976775;0;0.976794;0;0;0;0.976794;
215;0;0.976775;0;0.976794;0;0;0;0.976794;
216;0;0.975275;0;0.975304;0;0;0;0.975304;
217;0;0.975275;0;0.975304;0;0;0;0.975304;
218;0;0.975275;0;0.975304;0;0;0;0.975304;
219;0;0.975275;0;0.975304;0;0;0;0.975304;
220;0;0.975275;0;0.975304;0;0;0;0.975304;
221;0;0.975275;0;0.975304;0;0;0;0.975304;
222;0;0.975275;0;0.975304;0;0;0;0.975304;
223;0;0.975275;0;0.975304;0;0;0;0.975304;
224;0;0.975275;0;0.975304;0;0;0;0.975304;
225;0;0.975275;0;0.975304;0;0;0;0.975304;
226;0;0.975275;0;0.975304;0;0;0;0.975304;
227;0;0.975275;0;0.975304;0;0;0;0.975304;
228;0;0.973618;0;0.973637;0;0;0;0.973637;
229;0;0.973618;0;0.973637;0;0;0;0.973637;
230;0;0.973618;0;0.973637;0;0;0;0.973637;
231;0;0.973618;0;0.973637;0;0;0;0.973637;
232;0;0.973618;0;0.973637;0;0;0;0.973637;
233;0;0.973618;0;0.973637;0;0;0;0.973637;
234;0;0.973618;0;0.973637;0;0;0;0.973637;
235;0;0.973618;0;0.973637;0;0;0;0.973637;
236;0;0.973618;0;0.973637;0;0;0;0.973637;
237;0;0.973618;0;0.973637;0;0;0;0.973637;
238;0;0.973618;0;0.973637;0;0;0;0.973637;
239;0;0.973618;0;0.973637;0;0;0;0.973637;
240;0;0.971961;0;0.972;0;0;0;0.972;
241;0;0.971961;0;0.972;0;0;0;0.972;
242;0;0.971961;0;0.972;0;0;0;0.972;
243;0;0.971961;0;0.972;0;0;0;0.972;
244;0;0.971961;0;0.972;0;0;0;0.972;
245;0;0.971961;0;0.972;0;0;0;0.972;
246;0;0.971961;0;0.972;0;0;0;0.972;
247;0;0.971961;0;0.972;0;0;0;0.972;
248;0;0.971961;0;0.972;0;0;0;0.972;
249;0;0.971961;0;0.972;0;0;0;0.972;
250;0;0.971961;0;0.972;0;0;0;0.972;
251;0;0.970304;0;0.970324;0;0;0;0.970324;
252;0;0.970304;0;0.970324;0;0;0;0.970324;
253;0;0.970304;0;0.970324;0;0;0;0.970324;
254;0;0.970304;0;0.970324;0;0;0;0.970324;
255;0;0.970304;0;0.970324;0;0;0;0.970324;
256;0;0.970304;0;0.970324;0;0;0;0.970324;
257;0;0.970304;0;0.970324;0;0;0;0.970324;
258;0;0.970304;0;0.970324;0;0;0;0.970324;
259;0;0.970304;0;0.970324;0;0;0;0.970324;
260;0;0.970304;0;0.970324;0;0;0;0.970324;
261;0;0.968549;0;0.968569;0;0;0;0.968569;
262;0;0.968549;0;0.968569;0;0;0;0.968569;
263;0;0.968549;0;0.968569;0;0;0;0.968569;
264;0;0.968549;0;0.968569;0;0;0;0.968569;
265;0;0.968549;0;0.968569;0;0;0;0.968569;
266;0;0.968549;0;0.968569;0;0;0;0.968569;
267;0;0.968549;0;0.968569;0;0;0;0.968569;
268;0;0.968549;0;0.968569;0;0;0;0.968569;
269;0;0.968549;0;0.968569;0;0;0;0.968569;
270;0;0.965186;0;0.966716;0;0;0;0.966716;
271;0;0.965186;0;0.966716;0;0;0;0.966716;
272;0;0.965186;0;0.966716;0;0;0;0.966716;
273;0;0.965186;0;0.966716;0;0;0;0.966716;
274;0;0.965186;0;0.966716;0;0;0;0.966716;
275;0;0.965186;0;0.966716;0;0;0;0.966716;
276;0;0.965186;0;0.966716;0;0;0;0.966716;
277;0;0.965186;0;0.966716;0;0;0;0.966716;
278;0;0.965186;0;0.966716;0;0;0;0.966716;
279;0;0.961873;0;0.964922;0;0;0;0.964922;
280;0;0.961873;0;0.964922;0;0;0;0.964922;
281;0;0.961873;0;0.964922;0;0;0;0.964922;
282;0;0.961873;0;0.964922;0;0;0;0.964922;
283;0;0.961873;0;0.964922;0;0;0;0.964922;
284;0;0.961873;0;0.964922;0;0;0;0.964922;
285;0;0.961873;0;0.964922;0;0;0;0.964922;
286;0;0.961873;0;0.964922;0;0;0;0.964922;
287;0;0.961873;0;0.964922;0;0;0;0.964922;
288;0;0.96;0;0.962971;0;0;0;0.962971;
289;0;0.96;0;0.962971;0;0;0;0.962971;
290;0;0.96;0;0.962971;0;0;0;0.962971;
291;0;0.96;0;0.962971;0;0;0;0.962971;
292;0;0.96;0;0.962971;0;0;0;0.962971;
293;0;0.96;0.01125;0.962971;0.0225;0;-0.01125;0.962971;
294;0;0.96;0;0.962971;0;0;0;0.962971;
295;0;0.96;0;0.962971;0;0;0;0.962971;
296;0;0.96;0;0.96102;0;0;0;0.96102;
297;0;0.96;0;0.96102;0;0;0;0.96102;
298;0;0.96;0;0.96102;0;0;0;0.96102;
299;0;0.96;0;0.96102;0;0;0;0.96102;
300;0;0.96;0;0.96102;0;0;0;0.96102;
301;0;0.96;0;0.96102;0;0;0;0.96102;
302;0;0.96;0;0.96102;0;0;0;0.96102;
303;0;0.96;0;0.96102;0;0;0;0.96102;
304;0;0.959049;0;0.959049;0;0;0;0.959049;
305;0;0.959049;0;0.959049;0;0;0;0.959049;
306;0;0.959049;0;0.959049;0;0;0;0.959049;
307;0;0.959049;0;0.959049;0;0;0;0.959049;
308;0;0.959049;0;0.959049;0;0;0;0.959049;
309;0;0.959049;0;0.959049;0;0;0;0.959049;
310;0;0.959049;0;0.959049;0;0;0;0.959049;
311;0;0.957029;0;0.957029;0;0;0;0.957029;
312;0;0.957029;0;0.957029;0;0;0;0.957029;
313;0;0.957029;0;0.957029;0;0;0;0.957029;
314;0;0.957029;0;0.957029;0;0;0;0.957029;
315;0;0.957029;0;0.957029;0;0;0;0.957029;
316;0;0.957029;0;0.957029;0;0;0;0.957029;
317;0;0.957029;0;0.957029;0;0;0;0.957029;
318;0;0.954784;0;0.954784;0;0;0;0.954784;
319;0;0.954784;0;0.954784;0;0;0;0.954784;
320;0;0.954784;0;0.954784;0;0;0;0.954784;
321;0;0.954784;0;0.954784;0;0;0;0.954784;
322;0;0.954784;0;0.954784;0;0;0;0.954784;
323;0;0.954784;0;0.954784;0;0;0;0.954784;
324;0;0.954784;0;0.954784;0;0;0;0.954784;
325;0;0.952431;0;0.952431;0;0;0;0.952431;
326;0;0.952431;0;0.952431;0;0;0;0.952431;
327;0;0.952431;0;0.952431;0;0;0;0.952431;
328;0;0.952431;0;0.952431;0;0;0;0.952431;
329;0;0.952431;0;0.952431;0;0;0;0.952431;
330;0;0.952431;0;0.952431;0;0;0;0.952431;
331;0;0.950118;0;0.950118;0;0;0;0.950118;
332;0;0.950118;0;0.950118;0;0;0;0.950118;
333;0;0.950118;0;0.950118;0;0;0;0.950118;
334;0;0.950118;0;0.950118;0;0;0;0.950118;
335;0;0.950118;0;0.950118;0;0;0;0.950118;
336;0;0.950118;0;0.950118;0;0;0;0.950118;
337;0;0.947853;0;0.947853;0;0;0;0.947853;
338;0;0.947853;0;0.947853;0;0;0;0.947853;
339;0;0.947853;0;0.947853;0;0;0;0.947853;
340;0;0.947853;0;0.947853;0;0;0;0.947853;
341;0;0.947853;0;0.947853;0;0;0;0.947853;
342;0;0.947853;0.01125;0.947853;0.0225;0;-0.01125;0.947853;
343;0;0.94552;0;0.94552;0;0;0;0.94552;
344;0;0.94552;0;0.94552;0;0;0;0.94552;
345;0;0.94552;0;0.94552;0;0;0;0.94552;
346;0;0.94552;0;0.94552;0;0;0;0.94552;
347;0;0.94552;0;0.94552;0;0;0;0.94552;
348;0;0.943098;0.0225;0.943098;0.0275;0;-0.005;0.943098;
349;0;0.943098;0;0.943098;0;0;0;0.943098;
350;0;0.943098;0;0.943098;0;0;0;0.943098;
351;0;0.943098;0;0.943098;0;0;0;0.943098;
352;0;0.943098;0;0.943098;0;0;0;0.943098;
353;0;0.943098;0.045;0.943098;0.05;0;-0.005;0.943098;
354;0;0.940814;0;0.940814;0;0;0;0.940814;
355;0;0.940814;0;0.940814;0;0;0;0.940814;
356;0;0.940814;0;0.940814;0;0;0;0.940814;
357;0;0.940814;0;0.940814;0;0;0;0.940814;
358;0;0.940814;0;0.940814;0;0;0;0.940814;
359;0;0.938373;0.045;0.938373;0.05;0;-0.005;0.938373;
360;0;0.938373;0;0.938373;0;0;0;0.938373;
361;0;0.938373;0;0.938373;0;0;0;0.938373;
362;0;0.938373;0;0.938373;0;0;0;0.938373;
363;0;0.938373;0;0.938373;0;0;0;0.938373;
364;0;0.935853;0.03375;0.935853;0.045;0;-0.01125;0.935853;
365;0;0.935853;0;0.935853;0;0;0;0.935853;
366;0;0.935853;0;0.935853;0;0;0;0.935853;
367;0;0.935853;0;0.935853;0;0;0;0.935853;
368;0;0.933245;0;0.933245;0;0;0;0.933245;
369;0;0.933245;0.045;0.933245;0.05;0;-0.005;0.933245;
370;0;0.933245;0;0.933245;0;0;0;0.933245;
371;0;0.933245;0;0.933245;0;0;0;0.933245;
372;0;0.933245;0;0.933245;0;0;0;0.933245;
373;0;0.930725;0.045;0.930725;0.05;0;-0.005;0.930725;
374;0;0.930725;0;0.930725;0;0;0;0.930725;
375;0;0.930725;0;0.930725;0;0;0;0.930725;
376;0;0.930725;0;0.930725;0;0;0;0.930725;
377;0;0.928176;0;0.928176;0;0;0;0.928176;
378;0;0.928176;0.045;0.928176;0.05;0;-0.005;0.928176;
379;0;0.928176;0;0.928176;0;0;0;0.928176;
380;0;0.928176;0;0.928176;0;0;0;0.928176;
381;0;0.925539;0;0.925539;0;0;0;0.925539;
382;0;0.925539;0.0225;0.925539;0.0275;0;-0.005;0.925539;
383;0;0.925539;0;0.925539;0;0;0;0.925539;
384;0;0.925539;0;0.925539;0;0;0;0.925539;
385;0;0.922784;0;0.922784;0;0;0;0.922784;
386;0;0.922784;0.0225;0.922784;0.0275;0;-0.005;0.922784;
387;0;0.922784;0;0.922784;0;0;0;0.922784;
388;0;0.922784;0;0.922784;0;0;0;0.922784;
389;0;0.916961;0;0.919941;0;0;0;0.919941;
390;0;0.916961;0.0225;0.919941;0.0275;0;-0.005;0.919941;
391;0;0.916961;0;0.919941;0;0;0;0.919941;
392;0;0.916961;0;0.919941;0;0;0;0.919941;
393;0;0.911422;0;0.916882;0;0;0;0.916882;
394;0;0.911422;0.0225;0.916882;0.0275;0;-0.005;0.916882;
395;0;0.911422;0;0.916882;0;0;0;0.916882;
396;0;0.911422;0;0.916882;0;0;0;0.916882;
397;0;0.909598;0;0.914088;0;0;0;0.914088;
398;0;0.909598;0.03375;0.914088;0.0325;0;0.00125;0.914088;
399;0;0.909598;0;0.914088;0;0;0;0.914088;
400;0;0.909686;0;0.911235;0;0;0;0.911235;
401;0;0.909686;0;0.911235;0;0;0;0.911235;
402;0;0.909686;0;0.911235;0;0;0;0.911235;
403;0;0.909686;0;0.911235;0;0;0;0.911235;
404;0;0.908255;0;0.908275;0;0;0;0.908275;
405;0;0.908255;0;0.908275;0;0;0;0.908275;
406;0;0.908255;0;0.908275;0;0;0;0.908275;
407;0;0.905167;0;0.905245;0;0;0;0.905245;
408;0;0.905167;0;0.905245;0;0;0;0.905245;
409;0;0.905167;0;0.905245;0;0;0;0.905245;
410;0;0.901971;0;0.902127;0;0;0;0.902127;
411;0;0.901971;0;0.902127;0;0;0;0.902127;
412;0;0.901971;0;0.902127;0;0;0;0.902127;
413;0;0.898824;0;0.898951;0;0;0;0.898951;
414;0;0.898824;0;0.898951;0;0;0;0.898951;
415;0;0.898824;0;0.898951;0;0;0;0.898951;
416;0;0.895676;0;0.895725;0;0;0;0.895725;
417;0;0.895676;0;0.895725;0;0;0;0.895725;
418;0;0.895676;0;0.895725;0;0;0;0.895725;
419;0;0.892588;0;0.892608;0;0;0;0.892608;
420;0;0.892588;0;0.892608;0;0;0;0.892608;
421;0;0.892588;0;0.892608;0;0;0;0.892608;
422;0;0.889225;0;0.889294;0;0;0;0.889294;
423;0;0.889225;0;0.889294;0;0;0;0.889294;
424;0;0.885706;0.01125;0.885765;0.0225;0;-0.01125;0.885765;
425;0;0.885706;0;0.885765;0;0;0;0.885765;
426;0;0.885706;0;0.885765;0;0;0;0.885765;
427;0;0.882324;0.0225;0.882382;0.0375;0;-0.015;0.882382;
428;0;0.882324;0;0.882382;0;0;0;0.882382;
429;0;0.878873;0.045;0.878951;0.07;0;-0.025;0.878951;
430;0;0.878873;0;0.878951;0;0;0;0.878951;
431;0;0.878873;0;0.878951;0;0;0;0.878951;
432;0;0.8755;0.039375;0.875588;0.0625;0;-0.023125;0.875588;
433;0;0.8755;0;0.875588;0;0;0;0.875588;
434;0;0.872186;0.03375;0.872275;0.055;0;-0.02125;0.872275;
435;0;0.872186;0;0.872275;0;0;0;0.872275;
436;0;0.872186;0;0.872275;0;0;0;0.872275;
437;0;0.868441;0.045;0.86849;0.07;0;-0.025;0.86849;
438;0;0.868441;0;0.86849;0;0;0;0.86849;
439;0;0.864755;0.039375;0.864833;0.0625;0;-0.023125;0.864833;
440;0;0.864755;0;0.864833;0;0;0;0.864833;
441;0;0.861059;0;0.861118;0;0;0;0.861118;
442;0;0.861059;0.045;0.861118;0.07;0;-0.025;0.861118;
443;0;0.857314;0;0.857343;0;0;0;0.857343;
444;0;0.857314;0.03375;0.857343;0.055;0;-0.02125;0.857343;
445;0;0.848931;0;0.853529;0;0;0;0.853529;
446;0;0.848931;0.016875;0.853529;0.03;0;-0.013125;0.853529;
447;0;0.841549;0;0.849676;0;0;0;0.849676;
448;0;0.841549;0.0225;0.849676;0.0375;0;-0.015;0.849676;
449;0;0.839765;0;0.845892;0;0;0;0.845892;
450;0.005125;0.839765;0.050625;0.845892;0.0475;0;0.003125;0.845892;
451;0;0.839784;0;0.841961;0;0;0;0.841961;
452;0.00875;0.839784;0.05625;0.841961;0.0425;0;0.01375;0.841961;
453;0;0.837873;0;0.838078;0;0;0;0.838078;
454;0;0.837873;0;0.838078;0;0;0;0.838078;
455;0;0.833922;0;0.834186;0;0;0;0.834186;
456;0;0.833922;0;0.834186;0;0;0;0.834186;
457;0;0.829657;0;0.829882;0;0;0;0.829882;
458;0;0.825422;0;0.825598;0;0;0;0.825598;
459;0;0.825422;0;0.825598;0;0;0;0.825598;
460;0;0.821363;0;0.821539;0;0;0;0.821539;
461;0;0.821363;0;0.821539;0;0;0;0.821539;
462;0;0.817186;0;0.817382;0;0;0;0.817382;
463;0;0.812686;0;0.812922;0;0;0;0.812922;
464;0;0.812686;0;0.812922;0;0;0;0.812922;
465;0;0.808314;0;0.8085;0;0;0;0.8085;
466;0;0.808314;0;0.8085;0;0;0;0.8085;
467;0;0.803941;0.01125;0.804167;0.025;0;-0.01375;0.804167;
468;0;0.799627;0.0225;0.799912;0.0475;0;-0.025;0.799912;
469;0;0.799627;0;0.799912;0;0;0;0.799912;
470;0;0.795196;0.039375;0.7955;0.08;0;-0.040625;0.7955;
471;0;0.790735;0;0.791078;0;0;0;0.791078;
472;0;0.786059;0.039375;0.786284;0.08;0;-0.040625;0.786284;
473;0;0.786059;0.03375;0.786284;0.07;0;-0.03625;0.786284;
474;0;0.781382;0;0.781578;0;0;0;0.781578;
475;0;0.776725;0.039375;0.77699;0.08;0;-0.040625;0.77699;
476;0;0.776725;0.028125;0.77699;0.06;0;-0.031875;0.77699;
477;0;0.77201;0.039375;0.772255;0.08;0;-0.040625;0.772255;
478;0;0.761127;0;0.767333;0;0;0;0.767333;
479;0;0.751647;0.03375;0.762431;0.07;0;-0.03625;0.762431;
480;0;0.749814;0.0225;0.757716;0.05;0;-0.0275;0.757716;
481;0;0.749814;0;0.757716;0;0;0;0.757716;
482;0;0.749833;0.0225;0.752833;0.05;0;-0.0275;0.752833;
483;0.00925;0.747422;0.073125;0.747882;0.06;0;0.013125;0.747882;
484;0.00925;0.74248;0.07875;0.742961;0.0525;0;0.02625;0.742961;
485;0;0.737304;0;0.737765;0;0;0;0.737765;
486;0;0.732118;0;0.73251;0;0;0;0.73251;
487;0;0.727029;0;0.727402;0;0;0;0.727402;
488;0;0.721824;0;0.722265;0;0;0;0.722265;
489;0;0.716471;0;0.716922;0;0;0;0.716922;
490;0;0.716471;0;0.716922;0;0;0;0.716922;
491;0;0.711069;0;0.711637;0;0;0;0.711637;
492;0;0.705716;0;0.706206;0;0;0;0.706206;
493;0;0.700412;0.01125;0.700892;0.025;0;-0.01375;0.700892;
494;0;0.689422;0.0225;0.689843;0.0475;0;-0.025;0.689843;
495;0;0.683686;0;0.684108;0;0;0;0.684108;
496;0;0.678029;0.045;0.678549;0.09;0;-0.045;0.678549;
497;0;0.67249;0.045;0.673049;0.09;0;-0.045;0.673049;
498;0;0.666667;0.045;0.667147;0.09;0;-0.045;0.667147;
499;0.037;0.653196;0.18;0.661118;0.11;0;0.07;0.661118;
500;0;0.641843;0.045;0.655216;0.09;0;-0.045;0.655216;
501;0;0.64;0.039375;0.649235;0.08;0;-0.040625;0.649235;
502;0;0.637167;0.039375;0.637167;0.08;0;-0.040625;0.637167;
503;0;0.631225;0.03375;0.631225;0.07;0;-0.03625;0.631225;
504;0.00925;0.624902;0.10125;0.624902;0.08;0;0.02125;0.624902;
505;0.00925;0.618471;0.10125;0.618471;0.0625;0;0.03875;0.618471;
506;0;0.606049;0;0.606049;0;0;0;0.606049;
507;0;0.599637;0;0.599637;0;0;0;0.599637;
508;0;0.593137;0;0.593137;0;0;0;0.593137;
509;0;0.580569;0;0.580569;0;0;0;0.580569;
510;0;0.573971;0;0.573971;0;0;0;0.573971;
511;0;0.560686;0.01125;0.560686;0.025;0;-0.01375;0.560686;
512;0;0.554216;0.0225;0.554216;0.0475;0;-0.025;0.554216;
513;0;0.54098;0.045;0.54098;0.09;0;-0.045;0.54098;
514;0;0.525118;0.045;0.534059;0.09;0;-0.045;0.534059;
515;0;0.509598;0.045;0.520127;0.09;0;-0.045;0.520127;
516;0.037;0.509686;0.225;0.513275;0.13;0;0.095;0.513275;
517;0;0.499363;0.0225;0.49952;0.0475;0;-0.025;0.49952;
518;0.037;0.484863;0.225;0.485069;0.13;0;0.095;0.485069;
519;0.00925;0.470784;0.1125;0.470804;0.0675;0;0.045;0.470804;
520;0.00925;0.463343;0.12375;0.46349;0.0725;0;0.05125;0.46349;
521;0;0.448441;0;0.448578;0;0;0;0.448578;
522;0;0.433696;0;0.433863;0;0;0;0.433863;
523;0;0.418559;0;0.418608;0;0;0;0.418608;
524;0;0.403176;0.01125;0.403314;0.025;0;-0.01375;0.403314;
525;0;0.37701;0.0225;0.387647;0.0475;0;-0.025;0.387647;
526;0;0.359765;0.045;0.372088;0.09;0;-0.045;0.372088;
527;0.00925;0.35599;0.1575;0.356353;0.12;0;0.0375;0.356353;
528;0.037;0.331461;0.27;0.331637;0.15;0;0.12;0.331637;
529;0.037;0.315304;0.27;0.315657;0.15;0;0.12;0.315657;
530;0.03525;0.298353;0.25875;0.298618;0.145;0;0.11375;0.298618;
531;0.00925;0.273392;0.14625;0.273931;0.0825;0;0.06375;0.273931;
532;0;0.256098;0;0.256402;0;0;0;0.256402;
533;0;0.230206;0;0.230686;0;0;0;0.230686;
534;0;0.191647;0.01125;0.212549;0.025;0;-0.01375;0.212549;
535;0;0.185539;0.045;0.186392;0.09;0;-0.045;0.186392;
536;0.00925;0.158157;0.18;0.158627;0.13;0;0.05;0.158627;
537;0.037;0.130588;0.315;0.131431;0.17;0;0.145;0.131431;
538;0.037;0.102608;0.315;0.103245;0.17;0;0.145;0.103245;
539;0.037;0.0736471;0.315;0.0740686;0.17;0;0.145;0.0740686;
540;0;0.0447843;0.0105;0.0455;0.025;0;-0.0145;0.0455;
541;0;0;0;0.0155098;0;0;0;0.0155098;
542;0;0.989422;0;0.989451;0;0;0;0.989451;
543;0;0.989422;0;0.989451;0;0;0;0.989451;
544;0;0.989422;0;0.989451;0;0;0;0.989451;
545;0;0.989422;0;0.989451;0;0;0;0.989451;
546;0;0.989422;0;0.989451;0;0;0;0.989451;
547;0;0.989422;0;0.989451;0;0;0;0.989451;
548;0;0.989422;0;0.989451;0;0;0;0.989451;
